1258 1983
1482 1483
1359 1399
1054 2435
2504 2505
654 1397
1423 2738
301 4255
1503 1504
2821 2824
1343 1611
27 1883
2520 2523
149 1764
1361 2392
317 322
1426 1428
2755 2990
1713 1988
293 297
212 2987
1787 2128
1641 1642
54 1874
2224 2229
95 98
860 2619
1591 1592
380 1976
2185 4218
697 702
1717 1718
1400 1403
1191 4039
991 2585
1025 4192
2198 2208
57 2972
636 1368
796 805
790 2848
298 1945
1821 2145
1136 2267
361 2315
527 548
799 2883
788 1456
594 599
258 1939
389 1451
851 1552
640 1363
2758 2762
346 4167
174 194
1391 1839
1579 1581
1710 1713
1068 1070
795 1902
409 2311
874 2485
1281 1299
636 2740
28 1254
265 1772
1407 2730
1225 2798
901 903
465 469
562 2045
1719 1731
1501 1570
904 2512
2122 2123
1033 4225
412 1335
226 1293
1060 1654
67 71
1535 1536
1902 2941
2300 4178
1801 4084
885 891
2106 2742
2141 2143
1756 2998
1111 1469
2628 2647
1387 4193
332 2308
523 2061
984 1491
854 2617
919 2527
92 1744
2044 2096
84 1760
724 1053
779 1536
1494 2569
701 2179
163 1319
41 1927
1243 1728
569 2033
670 2158
2797 2798
7 4166
864 2667
1199 4058
1942 4247
886 887
2040 2397
1398 1399
299 2409
1221 2802
766 1533
94 1878
532 541
372 1284
45 1258
1810 2612
1439 1440
2689 2690
2238 2241
1644 1645
661 2748
4106 4108
1476 1979
419 1894
194 4111
324 2301
1019 4185
442 444
892 896
411 2207
1073 2427
207 1745
97 98
4227 4229
244 247
611 1016
768 2895
1355 2693
448 2200
1214 1224
1328 2327
2425 2426
47 1257
1666 1679
1302 2455
388 1331
345 2470
234 239
914 915
1619 1622
1802 2934
2175 2176
638 2712
2885 2916
1047 2102
1856 2195
1128 1130
2966 4238
512 2065
468 1971
148 1765
1257 2995
503 2067
227 1292
949 2549
714 1066
2597 2598
339 2458
1011 2596
312 314
1164 1464
2217 2218
293 4246
803 2832
2411 2412
298 2408
4248 4253
713 4206
671 1833
37 4241
344 2470
919 2531
642 1357
407 411
739 2124
1026 4191
660 2165
717 2116
1173 1801
305 1078
2497 2666
437 2349
236 237
1736 1738
1410 2723
210 1276
1348 2392
742 2811
1407 1411
393 2328
1034 1443
2531 2532
1365 2387
132 1863
118 120
416 1326
2118 2368
1416 1791
1456 4028
4041 4042
1230 2767
2012 2565
401 1779
934 935
1124 2245
1610 1804
1301 2461
1758 2972
129 1769
1390 4180
1024 1026
599 1362
1181 2856
2076 2077
768 2859
2078 2079
709 2747
591 2387
2241 2251
1663 2015
2543 2545
476 2354
1516 1524
1229 2797
4061 4063
1007 2015
1585 1601
2825 2827
957 962
45 2996
1547 1549
721 723
693 2177
638 2740
134 1770
489 2659
1079 1972
1972 4266
510 511
940 2526
4098 4099
4094 4095
1966 2420
1374 4228
820 2820
981 1490
1285 4130
894 2669
1424 1427
2977 2978
1792 4027
959 1659
591 592
527 2092
266 267
1208 1212
1178 2856
586 1815
854 2657
1147 2294
765 2899
969 2562
93 1878
1784 2125
988 2670
1026 4131
1531 1596
2615 2617
350 2458
1430 1432
4068 4133
1840 2174
1125 2252
287 2447
1725 1729
1757 2967
673 2163
1788 2395
2164 2372
1126 1466
4144 4145
307 1778
141 1954
2117 2122
2277 2284
2629 2631
1717 1730
1155 2281
1129 1132
1589 1592
1411 1412
418 4179
987 2670
2941 2942
1369 2373
1636 1637
477 2368
1433 1676
40 41
1357 2716
1220 1228
1570 1571
2203 4156
6 4165
2275 2277
625 626
806 1545
457 2356
2751 2755
1466 2258
382 405
374 4118
516 517
1492 1570
1176 2864
206 231
1009 2593
1266 1267
416 1893
378 1316
391 2335
2004 2501
2120 4208
4036 4043
403 1333
1577 1581
1120 2240
1476 1478
1461 1462
629 2690
1803 2935
443 465
1802 2830
686 2147
132 4159
268 1756
105 1862
293 771
690 4234
475 2420
380 2327
814 2823
994 2583
954 958
280 289
303 2419
715 4207
2948 4085
1648 2284
1634 1639
1359 1398
1292 1293
756 757
2504 2506
63 79
330 4178
2799 4033
654 1402
357 1795
1042 1783
1779 2344
2111 4232
398 403
680 4211
504 1336
66 67
834 2809
1107 1108
847 849
290 2407
392 2347
315 4153
1052 2102
1386 4217
1023 1388
1945 4244
1296 1300
2463 2465
663 2165
2369 2441
161 4128
2395 2397
1235 1435
1136 2268
279 1941
799 2882
375 4120
679 680
788 1457
984 2568
2758 2763
2881 2920
946 1660
998 1805
2857 2879
2634 2652
146 1312
844 847
1080 2425
2847 2861
330 2304
841 2636
1225 2797
431 1334
1719 1730
562 2042
617 2685
904 2513
777 2853
951 2552
864 2498
662 2165
596 1361
876 877
1625 1626
261 281
1039 1042
1817 2388
1600 1604
671 2174
91 92
1109 2738
2489 2608
460 1967
856 860
229 230
2141 2142
1446 2795
873 2486
1515 2819
1387 4192
1202 1203
984 1492
462 4156
2458 2459
2150 2151
1546 1700
4038 4040
1677 1678
2501 2503
1699 1735
1190 4046
311 4243
714 715
1226 1227
2870 2871
860 861
473 2419
1237 1789
1871 4161
1903 2012
1352 1353
2854 2883
1017 1390
2910 2911
1646 1647
327 2313
2048 2080
11 1252
299 2408
906 2512
2388 2389
1221 2801
1708 1709
532 542
1703 1709
538 2027
1106 2739
1350 1622
476 479
2332 2335
1019 1391
876 2476
250 252
1408 1420
835 2664
1705 1706
538 2085
1846 4178
2574 2575
592 2387
1208 2773
324 2302
658 2698
743 2804
215 1747
383 393
1019 4184
776 2881
1587 1595
177 184
1649 4054
411 2206
4227 4228
1783 2439
519 520
1735 1736
1355 2692
411 4179
788 1195
1512 1513
414 2213
1046 2438
785 2871
1378 1850
2586 2670
345 2469
234 236
221 1750
340 4169
2825 2943
1098 1600
1171 4084
1131 2259
2885 2915
806 809
1231 2324
1798 4074
512 2066
2141 2176
400 1332
1257 2994
2459 2463
153 1864
862 2616
949 2548
211 4154
1164 1465
1197 4058
202 2991
293 4245
1330 2345
205 1889
648 1400
1315 1932
583 588
2171 4211
628 1355
2606 2607
2146 2147
1243 1726
748 2928
329 4178
765 2894
338 1301
739 2127
1788 2130
660 2166
916 2520
1010 2511
305 1077
26 4165
220 2988
2599 2600
687 688
712 1784
236 238
165 166
697 2136
1089 2734
2814 2815
856 2615
1407 1410
1963 1964
551 2082
118 121
1668 1679
349 2463
1726 1732
194 4112
408 2334
1319 3003
1767 4173
1048 1050
1848 2298
1080 1963
671 672
317 2299
2076 2078
2072 2086
929 2542
1593 1607
338 2461
385 2332
513 2072
410 2209
1596 1597
1585 1600
936 949
2772 4033
1429 1986
99 1269
4053 4062
4036 4048
1577 1584
923 2533
4028 4032
304 2419
1547 1548
4070 4071
394 2340
489 2658
763 2899
2169 2170
2135 4212
313 1652
2171 2172
1729 1731
354 2451
2252 2267
868 869
1180 1181
2581 2588
1539 1706
1337 2054
1448 1449
1482 1493
709 2191
290 291
376 4119
624 1360
686 4197
1419 1641
438 2350
851 2627
1812 2600
813 2943
1819 1820
97 1269
765 2898
1331 1446
1020 1021
988 2671
602 1817
350 2459
1430 1433
1552 1695
1125 2251
2229 2230
874 973
2499 2667
1543 1703
1351 2681
1725 1728
2003 2018
201 1297
1126 1467
1376 4227
433 2222
4144 4146
579 580
801 2942
2629 2630
1673 1698
731 4217
1695 1701
790 2842
1155 2280
2124 2194
179 195
1516 2654
1020 4185
1471 1578
859 2618
1631 1636
1357 2715
1220 1229
2601 2603
2275 2276
457 2363
1697 1699
24 1266
1404 1789
1672 1675
201 202
974 975
2751 2754
139 140
339 340
1556 2477
1657 2660
2752 4146
19 4123
1337 1338
378 1317
1558 1682
2004 2502
155 4126
4065 4135
2027 2031
4 1985
403 1332
1024 1980
1014 4182
988 989
535 1340
629 2689
426 2214
2844 2845
1803 2934
863 864
43 2995
2545 2546
2926 2928
1166 1797
994 2580
1323 1974
2169 2183
954 959
197 4154
303 2418
1283 1476
2479 2480
846 2652
2436 2437
218 229
642 643
4087 4088
1459 1460
1113 1116
407 1849
657 658
440 1970
504 1337
688 2176
546 2082
1116 2240
474 1965
1360 2706
1538 1587
2111 4201
2009 2508
2142 4234
1131 1134
790 2854
999 1000
1511 1512
2395 2396
2923 2925
1139 1141
4083 4085
719 2189
662 664
956 957
2397 2398
1092 1093
15 4149
279 1940
472 1966
550 2097
1623 1624
984 2569
192 193
14 1258
892 894
665 2162
533 534
936 2548
1875 2991
550 559
1700 1701
2627 2645
267 2968
1499 2013
881 882
1135 1137
510 2062
940 941
1588 1589
410 2312
1633 1640
667 668
1132 2260
1284 1285
1671 1691
772 773
1473 1476
797 2946
1600 1605
1794 2274
23 1266
885 889
873 2485
787 1541
523 2063
16 1267
1956 4253
2501 2502
1796 2757
1368 2703
109 113
701 2177
1190 4047
923 1507
1248 1340
670 2156
1234 1795
1377 1388
1036 1037
996 1490
473 2418
1172 1801
697 2115
289 1945
1221 2800
147 1319
25 1927
881 2495
372 1286
38 1935
751 1530
467 1971
4201 4232
564 2091
2758 4158
845 1510
831 2939
1691 1994
171 1275
215 1746
168 183
996 997
1508 1509
1587 1594
1561 2611
68 1868
441 2350
1530 1584
1783 2438
1183 2952
520 522
2256 2295
785 2870
294 4248
1446 1453
1336 1452
935 936
722 2187
1447 1448
187 192
345 2468
931 2541
967 1499
234 237
422 4156
1317 1932
610 1844
1 4
463 2416
819 820
2885 2914
128 129
273 1960
1808 2480
1798 4075
1224 1899
2459 2462
381 1976
2783 2785
1665 2594
315 1263
433 4171
777 790
1210 2760
293 4244
159 2998
795 2946
2843 2845
838 2660
1151 1163
1550 2649
973 2607
1960 4148
1278 1290
748 2929
2031 2032
121 2983
590 2403
1038 1783
465 1326
2323 2324
4107 4108
1787 2074
1508 2665
296 300
1933 1934
2325 2326
1736 1740
1062 2432
1465 1466
1348 2394
393 2334
1034 1441
1146 2289
632 1355
4091 4092
1872 2955
1188 2950
2148 2149
1230 2765
591 1345
2286 2287
1726 1733
2012 2567
719 2117
977 1810
1680 1681
352 353
212 213
1393 2698
2571 2582
1859 2997
2125 2364
1390 4186
976 2609
550 740
1291 1566
2881 2903
929 2541
1593 1606
4044 4050
326 2299
78 1876
2197 2417
448 577
267 1771
1385 4225
1596 1598
1339 1615
776 799
545 2034
1185 1189
142 1312
716 1065
695 1816
2162 2164
752 2885
2710 2711
940 2520
4249 4251
1374 4234
416 424
1556 1557
1448 1450
2317 2320
2527 2531
537 2101
2523 2524
2995 2997
2551 2553
1690 1714
2776 2780
561 564
635 2695
1812 2601
1832 4187
263 4237
761 762
4065 4074
350 2456
1321 1324
405 1849
298 299
106 2980
340 2454
947 954
719 4222
2499 2666
723 4219
1351 2680
1433 1991
201 1296
1310 1311
801 2941
448 451
107 1862
1263 1777
47 2993
2879 2884
1168 1463
1967 1968
124 2982
1965 4267
386 2335
745 746
1224 2769
739 1784
19 1252
1375 2139
977 1560
1216 2800
887 2669
1661 2587
1418 1419
720 4221
1728 1738
274 4148
281 1943
120 2985
2844 2846
884 2499
148 149
438 443
426 2215
883 2500
1720 1721
1057 4220
1223 2762
1015 1392
117 2978
1934 2983
645 1401
318 319
780 2876
1135 2265
1293 1294
1288 4118
2892 2919
1809 2507
301 4252
4087 4091
1409 2718
577 2230
2902 2903
557 676
680 4213
1171 2948
796 1544
834 2807
704 4203
244 1284
506 507
536 1340
1418 2726
1187 2951
2971 2972
867 2491
1439 4224
2007 2009
805 1544
1326 2349
2921 2922
2923 2924
484 2656
486 1518
1106 1431
1092 1094
117 118
527 545
2467 4167
2141 4196
1026 1843
1540 1705
1551 2627
1455 1630
1546 2822
2634 2650
591 2404
1655 2151
2072 2079
1352 1624
1700 1702
1080 2427
441 455
2743 4201
1451 1453
908 2016
459 2368
1449 1456
1611 1612
669 1829
876 879
1547 1700
77 78
140 4173
85 2975
1794 2275
1110 1471
847 1551
1090 1092
1111 1470
1558 2610
1956 4254
31 4139
11 4151
1771 2970
303 304
670 2157
7 4163
505 2072
135 1863
515 521
608 1823
697 2114
336 1294
2987 2988
2048 2082
1708 1711
25 1926
741 1522
1514 1518
1810 2611
1544 1703
246 247
778 779
171 1274
592 2389
2559 2585
776 2883
2144 2176
1606 1607
1335 2219
1373 1824
1229 1232
511 1787
1674 1691
73 1873
1364 2377
1735 1738
2799 2800
221 222
2756 2757
844 2649
47 1258
294 4249
276 292
663 664
1091 1093
1366 1369
931 2540
836 2664
221 1748
593 1365
1802 2933
598 1362
1799 4051
1131 2261
2885 2913
1808 2481
1529 2890
951 2526
1345 1347
282 1943
2408 4116
463 4156
185 192
1808 2496
16 4143
2783 2784
341 1305
455 1973
1419 1790
1411 2733
2604 2605
815 821
1210 2761
293 4243
713 715
421 2202
254 2969
2843 2844
838 2661
973 2606
145 1312
732 4232
765 2892
2055 2070
1130 1794
4073 4077
664 2163
771 4246
1511 2651
1772 4236
26 4163
365 379
667 2157
532 2090
1255 1982
1800 2952
1069 2429
220 2990
712 1786
4082 4084
129 1826
133 1770
42 1841
101 1298
1592 1605
856 2617
249 252
1188 2951
198 199
2148 2150
1456 4031
1268 1269
1502 1571
1801 2856
910 2016
49 2969
666 2160
1194 4031
2889 2933
61 1771
1450 4024
2021 2479
1183 1186
1386 1850
960 1659
884 887
2140 4196
1011 1811
929 2540
597 598
338 2459
811 2944
327 1317
1450 1454
1754 1956
2543 2546
2197 2416
611 614
1341 2083
833 1180
1781 2445
897 899
182 183
4170 4171
1418 1639
4053 4060
1185 1188
1501 2550
1127 2460
716 1066
1605 1608
394 2338
2801 2802
752 2886
682 4197
68 73
1465 1585
2680 2681
122 1310
2137 2178
1953 4125
1499 1570
123 1311
354 2449
459 461
81 83
2041 2091
1337 2052
1404 1405
2632 2635
2317 2319
2408 4255
1055 1654
2804 2889
2551 2552
2137 2140
1099 1446
2776 2781
1419 1643
882 2498
2355 2434
484 1505
490 2658
1020 1023
52 57
457 1967
263 4236
1140 2292
2854 2878
2195 2447
911 1001
350 2457
1599 1600
925 2537
1351 2683
1433 1990
436 446
1200 4055
4057 4058
150 1764
2535 2536
1557 2477
1213 2791
1742 2974
1795 2317
1150 1154
783 2869
1358 1359
2019 2483
1 2953
1545 1703
2017 2018
943 2523
386 2332
2008 2503
81 2972
1054 1059
435 2224
609 1898
443 2370
2771 4033
1403 1404
1051 2435
444 453
1372 1373
243 1861
1442 1443
1134 1135
1661 2586
1389 4182
96 97
53 2996
2177 4195
321 1932
1162 1249
281 1942
215 217
1014 4180
988 991
2844 2847
78 83
1287 1563
792 1542
999 1805
459 2356
690 4233
43 2997
1435 1673
1776 1777
687 1836
784 1541
2037 2050
645 1400
836 1549
678 4212
1283 1478
1648 2287
1334 2999
1809 2506
838 1514
1259 4163
348 1110
1360 2678
2199 2208
299 302
1378 4226
851 2657
1362 1367
2488 2608
4096 4107
2051 2054
1360 2708
1092 1411
1352 1360
472 2420
2905 2909
678 2748
1058 2102
1281 1929
974 2606
2007 2008
791 792
1320 2296
1114 2241
893 2014
1034 1382
576 2072
733 1845
2008 2009
2334 2340
4083 4087
1391 4184
579 1344
1299 1979
1054 1055
594 595
1519 1521
1540 1706
1549 1700
1710 1717
167 1271
521 1337
212 1296
1434 1676
1195 1449
1286 4119
1809 2009
1079 1755
1451 1452
402 1451
1180 1458
1781 1782
797 2942
2081 2096
279 4247
777 2858
1468 2241
18 4114
1283 1284
1132 2262
2 1255
571 2042
4095 4108
1794 2272
496 1523
847 1550
1537 1538
1373 4234
854 2621
1123 1124
1643 1645
1796 2759
1494 2573
219 1747
1699 1736
62 63
1243 1732
105 2980
933 936
1377 1378
865 866
1871 4162
458 1967
708 4204
1324 2410
2142 4196
555 2095
337 1294
1756 2405
255 264
1510 2632
2906 2920
1048 1379
1294 2465
1791 2733
1050 4216
1293 1751
250 251
1670 1671
44 4141
730 4201
2073 2074
2254 2267
2559 2584
2207 2211
920 2528
2955 2957
1508 1511
2341 2342
1532 1533
837 1549
1969 2356
1008 1665
2418 2419
259 1939
1795 2288
1328 2315
991 1001
520 524
1082 2422
375 1288
2390 2404
1447 1450
1214 2791
143 4175
2377 2380
1091 1092
1650 4077
1521 1523
234 235
1070 2430
552 2080
2304 4178
593 1364
747 2935
1131 2260
266 2970
1079 1964
746 2938
592 600
1808 2482
1231 2321
1345 1346
424 1326
1702 2002
2502 2503
735 4231
1594 1595
524 2061
1179 1459
83 1760
490 1526
164 1319
1411 2732
2604 2606
1060 2189
713 714
75 1761
218 219
145 1319
2901 2902
2606 2610
729 2105
564 2046
765 2891
1300 2986
2780 2785
764 2894
1794 2457
970 2013
4073 4076
1012 1392
664 2164
2177 2179
2486 2487
767 1938
1061 1067
1772 4237
1500 1501
1251 1985
4068 4109
1069 2428
2106 2186
1021 1391
2115 2136
2216 2222
1069 2445
1592 1606
2110 4201
1134 2253
1144 1145
1029 1839
632 1357
722 4202
349 2460
2948 2949
591 1347
619 2682
1154 1155
1052 2446
1680 1683
252 1284
2549 2550
479 1071
1390 4184
1117 2241
317 2296
394 1335
156 2746
2441 2444
73 1868
7 1985
2275 2475
1450 1455
31 32
942 2519
2026 2085
186 187
515 2051
152 1863
4090 4096
294 4117
1336 1337
824 825
1891 2301
1002 2588
2533 2537
257 269
1798 4053
2122 2191
122 1311
1792 4031
919 920
81 82
1760 1878
869 2021
4237 4238
1275 4111
2317 2318
1112 1113
898 2509
1841 1859
2551 2555
170 171
438 2349
2140 2141
1188 1189
1812 2603
319 2298
490 2659
1331 1451
52 58
689 4198
233 4130
204 205
1364 1365
1531 1584
229 4150
960 2558
1411 1424
988 2585
1840 2162
642 2715
2499 2668
1351 2682
2366 2420
990 994
150 1765
1536 1537
2198 2201
1742 2975
1795 2316
618 1348
852 2626
2823 2943
863 2498
1965 4265
283 290
548 2050
1545 1702
943 2522
1755 4256
2057 2093
2008 2504
2666 2667
163 1932
152 1767
1282 1975
1224 2771
1859 2963
4035 4049
858 2668
2015 2588
243 1860
1216 2802
312 4259
2135 2170
402 1333
1389 4181
3002 4239
1425 1427
1039 1783
1168 2948
69 1873
4189 4224
760 2916
510 2065
644 2713
215 216
2635 2636
1014 4181
2004 2608
438 441
2774 2777
1093 1791
752 2915
525 559
306 1083
686 2151
863 877
174 4111
1830 4184
1786 2192
814 2827
324 327
994 2579
1415 2735
886 2669
117 2976
127 1298
2045 2046
829 830
422 2203
1054 2436
2143 2144
205 1877
1760 1761
2320 2321
544 545
1809 2505
1150 2293
838 1515
218 224
527 2036
1322 1324
1274 1289
1360 2679
260 269
2936 2937
9 11
742 2939
440 1973
1362 1364
203 205
1273 4055
1175 1177
1677 1783
1812 1814
2061 2063
1199 1448
2840 2946
1790 1791
375 376
2961 2962
718 1066
36 1254
1210 1218
1472 2469
2074 2124
1359 2703
841 1550
158 1952
1034 1383
2167 2396
976 1559
1007 2593
2273 2276
839 2640
2289 2294
2923 2926
486 1516
719 2190
614 2384
1850 4217
734 2694
1391 4187
1136 2256
1838 4197
1004 2592
652 2701
1299 1978
70 74
50 2994
1519 1520
4066 4134
2211 4172
329 2305
408 412
307 4253
1875 2992
316 317
874 2607
103 1875
448 2225
662 2748
4051 4052
2213 2216
432 433
242 1284
367 1567
19 4152
76 4159
703 4194
1329 2331
1764 2750
1180 1459
142 1310
951 2548
1608 1609
1966 2369
1042 1043
716 4222
416 2207
1204 1448
300 301
2636 2637
1460 1461
1801 4095
322 2296
372 4119
787 1542
80 94
270 271
1259 4142
1492 2568
1198 4035
1643 1644
1297 1298
1113 1469
653 1398
2633 2651
791 2844
1487 1488
1327 2351
158 4155
1731 1739
315 1777
1946 2030
826 827
881 2492
741 1520
2292 2293
872 1557
1048 1380
1791 2732
915 2519
1471 1566
822 2814
4114 4153
328 1846
149 1320
64 76
2824 2943
324 2298
50 51
920 2529
962 1500
101 2992
511 2061
1281 1473
1087 1089
1081 4267
1503 2536
520 525
810 811
656 2697
749 1530
2458 4169
1534 1590
358 1795
1469 1793
41 767
143 4174
2998 4155
954 2557
350 1794
1107 2737
128 132
1808 2483
295 296
735 4230
390 2344
1542 1704
2428 2429
761 2899
949 2544
1900 4060
1497 1924
639 1359
639 2740
248 1280
1027 1028
1374 1389
279 2962
580 2091
2943 2945
1027 4224
1178 2880
2014 2665
229 1292
1445 1678
406 2310
280 1942
2623 2624
734 4230
2177 2178
2887 2895
808 2944
687 700
957 2554
1984 4149
583 2400
706 2194
1373 1374
856 2619
1144 1146
75 189
1673 1674
2382 2383
542 2035
722 4203
929 1502
726 2112
1532 1596
641 2715
619 2685
415 2209
1542 2862
467 2409
420 421
412 4170
1011 1813
334 342
4196 4234
2014 2529
2448 2449
4044 4045
153 1772
413 2210
1516 1521
1797 4090
417 2215
204 4157
1675 1734
225 2754
152 1864
621 2680
4090 4097
1276 1277
824 826
304 2423
716 1060
1891 2300
2162 2163
2399 2402
674 2168
1002 2589
217 2755
2785 2795
568 1343
940 2523
540 1341
2428 2433
1549 2664
534 538
920 922
1961 2749
1816 2136
1009 1806
1270 1279
823 2820
882 2496
1188 1190
1319 1932
288 1971
808 810
935 2527
1556 2021
1063 2443
263 4238
39 271
1364 1366
2106 2108
1258 4149
350 2463
1079 4129
988 2586
1840 2163
2519 2520
990 2583
1118 2251
47 2994
1663 2517
2001 2129
790 2846
682 2175
1795 2319
4041 4073
2042 2046
1152 1162
211 214
2815 2816
1631 1632
2057 2092
992 993
2008 2505
550 2057
2848 2849
896 2515
2353 2369
1224 2772
4035 4048
451 2225
2015 2591
51 1759
736 2745
933 2545
559 2059
505 576
1170 4080
1534 1535
206 232
69 1872
1120 2245
399 400
78 81
1290 1291
967 2561
682 687
1830 4185
683 2151
4212 4213
2948 4082
2853 2855
1191 2951
605 1366
1054 2437
609 2379
464 466
1135 2266
2803 2805
1809 2504
1903 2584
218 225
950 2554
3000 4176
1784 2192
2936 2938
4055 4061
9 10
1166 4078
1724 1728
398 404
203 204
1273 4054
1175 1176
960 961
434 2220
1301 1302
427 2216
1226 1232
1938 2958
287 2414
676 1787
1064 1065
1472 2470
774 2932
1502 1503
1400 1409
1968 2227
1940 2961
1286 1287
2863 2872
161 4155
946 2524
1106 1426
614 2385
1235 1438
756 1531
652 2702
2556 2557
1540 1541
375 4119
1483 1493
826 1548
55 1874
1859 2958
1790 2726
2966 2969
1546 2821
307 4252
2413 2414
1973 2370
448 2226
1217 2770
275 4148
1138 1140
617 1350
347 1793
201 2991
1447 2796
367 1566
610 2372
342 2467
142 1311
710 711
600 2386
133 2956
2973 2975
143 1310
951 2551
381 1855
625 2689
374 1284
565 677
1283 1286
1607 2025
46 1258
503 2053
4086 4088
183 1879
291 2409
958 959
1470 1471
322 2297
1801 4094
1090 1091
1489 1807
709 4223
294 295
639 2707
1492 2569
1113 1468
2768 2791
31 1885
470 471
2055 2095
536 2085
1019 1830
2893 2897
173 1276
2298 2302
378 382
446 2224
2888 2920
1093 2733
327 2308
1703 1704
918 2528
1201 1448
1622 1624
872 1558
1514 1517
1342 1611
1293 1749
4126 4173
1562 1810
1408 1409
554 2061
1821 2143
1208 2778
876 2616
749 2886
743 2803
1094 1411
920 2530
39 1256
1393 1395
312 1958
511 2060
2855 2879
1094 2733
1257 4165
1661 2671
1087 1088
2433 2434
1512 1518
2374 2375
13 1775
114 1308
700 2171
1030 4187
11 18
38 4241
1501 2543
603 604
302 4255
598 1361
2486 2607
266 2968
746 2936
575 2231
964 2558
209 1746
125 2982
524 2063
1921 2595
390 2345
966 968
1119 1126
1542 1705
761 2898
1721 1722
1184 2952
218 1747
815 822
2358 2359
2892 2907
639 1358
1713 1739
996 1805
1037 1041
2344 2345
506 2065
583 587
396 1335
1550 2653
2976 2977
2566 2567
980 1493
1445 1677
585 1815
862 1553
148 1319
697 2177
2623 2627
1442 1669
734 4231
950 952
667 2158
4082 4083
1757 2957
1031 1386
1678 1783
1778 2423
2048 2049
737 4227
1555 2620
1078 2427
75 188
1795 2322
1119 2242
726 2113
656 1395
457 460
4041 4044
947 2525
659 1361
2012 2563
977 1814
1680 1685
961 989
672 680
672 2172
1954 4176
2163 2173
302 1778
976 2613
2356 2363
1450 1453
2622 2626
60 1763
413 2209
1797 4089
601 2389
1440 4131
2023 2557
454 1967
386 391
1276 1278
764 766
997 1483
1501 2547
824 827
828 2819
614 1844
134 1772
1280 1282
528 2087
2132 2167
257 259
820 2818
893 2516
825 832
1549 2663
351 2456
1279 1280
688 1836
692 1836
655 1368
1112 1115
71 2957
39 1927
2056 2058
1573 1582
1003 1486
1503 1525
308 1956
39 40
882 2497
1199 1200
2746 3000
193 1880
1188 1191
1189 1190
795 2835
2278 2293
2109 2188
965 2639
1813 2597
969 2564
1755 1957
54 1758
1140 2295
1364 1367
1144 2290
4102 4104
2541 2542
1319 1773
22 4143
417 1326
1159 1796
2311 2334
1673 1995
2519 2523
1793 2466
1502 1504
94 181
588 2400
990 2580
651 1398
1203 1925
1695 1696
682 2172
1795 2318
27 29
1025 1026
1317 2302
542 2028
732 734
1396 1397
104 4160
758 2906
663 2381
1754 1778
861 2619
678 2131
435 2229
1139 1466
1971 2415
155 1951
2015 2590
933 2544
992 2580
1549 1550
138 1766
312 4261
1165 1797
887 2665
4122 4262
581 2399
1086 1088
336 2462
1797 4109
802 803
2635 2638
399 403
535 1339
1028 4189
443 471
336 337
1496 1565
197 1296
689 2183
1580 1581
1356 1357
518 2058
572 1340
932 2541
80 1878
1435 1674
2017 2602
126 1305
814 2825
2131 2133
2948 4083
1054 2442
609 2378
2147 2151
2103 2104
2803 2804
33 34
549 1342
1345 2403
1073 1888
615 1817
1166 4079
145 1773
2059 2063
1551 1552
619 1351
817 819
4131 4192
81 1876
1459 1625
352 4169
12 1258
958 1659
2962 4247
1307 1313
29 1885
2963 2995
302 467
2181 4198
2538 2540
41 43
252 4110
2003 2605
1940 2962
2151 2152
1115 2237
1034 1381
946 2525
2118 2434
1486 1487
1326 2208
858 1509
2238 2239
223 1749
554 2070
1163 1164
361 2316
70 72
1172 1462
375 4118
905 2513
271 1936
827 828
1339 1340
1790 2727
115 1298
355 1795
2898 2899
2835 2838
432 435
1138 1141
325 328
2627 2648
1585 1586
1650 4109
141 3002
1344 1611
623 1352
1329 2329
600 2387
1105 1482
381 1854
625 2688
141 4239
374 1285
565 676
1527 1528
1625 1628
4086 4089
134 1863
829 832
1658 2536
941 2526
143 144
789 1458
2645 2648
1838 2143
1053 2102
1492 2570
2774 4051
547 549
31 1884
1298 1303
2055 2094
898 905
2805 2939
792 2839
2871 2873
34 1254
322 326
1686 1688
1286 1478
1468 1469
534 1339
1604 1605
1484 1804
2697 2698
1065 2443
593 594
2292 2295
1392 2154
372 1283
2068 2200
1045 1046
306 1957
1389 1818
1432 1433
1801 2864
1408 1410
4114 4151
2762 4158
1238 1432
837 1657
1954 4173
2908 2918
1221 1795
177 178
1266 1984
1393 1394
4067 4069
1030 1835
248 249
411 2309
308 4250
1082 2421
156 1951
656 2699
4034 4048
2300 2301
1796 1797
1512 2634
808 1802
903 2009
1650 4072
270 770
853 2642
1070 2429
954 2555
921 2014
1107 2739
1944 2406
525 740
2885 2925
746 2937
1767 1828
1 1928
522 2062
1006 1487
1292 1566
1227 2767
964 2559
263 264
209 1745
966 969
240 1861
1179 1460
1358 2707
2460 2466
459 2126
455 1969
1693 1699
2811 2815
1283 4110
1021 1832
1524 1525
1548 1549
2387 2404
421 1326
506 2078
523 2094
2976 2978
1324 2196
980 1494
427 446
1862 2979
280 1944
2623 2626
1442 1666
1061 1064
660 663
8 22
472 2351
1757 2956
1069 1074
533 2032
195 4112
1097 1465
800 2901
1468 1584
43 1257
1964 2425
214 2990
1795 2325
1260 1842
4066 4067
2113 4233
50 1759
2528 2529
927 2534
987 2587
1002 1805
672 681
1483 2575
415 2211
295 4253
672 2173
1049 1053
443 2362
420 423
2769 2771
775 2883
2709 2711
1901 2949
1481 1610
2 3
4215 4216
887 888
1541 1705
326 2300
540 2026
1835 4188
942 2522
601 2388
515 2052
17 4143
911 2518
1501 2546
67 2957
1218 2760
612 2383
721 724
119 2977
1767 1864
273 1935
850 2647
2431 2436
2676 2677
2134 2170
637 2709
570 2398
230 1292
1118 1467
452 458
1490 2582
828 829
39 1926
821 2824
587 602
1503 1524
348 2470
843 1513
2109 2187
1813 2596
1440 1669
757 760
902 905
1144 2291
2102 2103
566 570
897 2515
925 2533
990 993
588 2401
808 2829
812 813
1456 4032
2864 2880
27 28
196 2753
840 2661
903 2508
104 4161
2077 2078
1941 4247
758 2907
310 4260
1767 4126
1376 2694
1394 1395
782 783
861 2618
2838 2882
696 4195
451 2227
563 2081
398 1334
992 2581
585 2402
833 2856
1142 2278
1702 1708
581 2398
1558 1684
2116 4220
336 2463
2751 2990
1028 4190
2710 2740
1580 1582
1711 1716
1581 1583
932 2542
2108 2742
157 1953
103 2981
2766 2767
2017 2601
529 1338
1586 1598
2131 2132
1934 2984
2895 2897
564 568
1776 4124
57 58
2352 2358
474 2366
2147 2150
1001 2015
527 2057
544 548
1058 2446
926 2534
2109 2110
341 2455
771 4148
1376 1388
1901 4081
1362 1363
1086 1791
699 709
1250 4164
619 1350
4145 4146
817 818
1330 2765
1560 1682
1262 1776
1212 2793
1839 4189
2006 2506
478 2354
807 808
1471 1793
1307 1312
342 1293
1064 1067
974 2610
128 1863
1257 1258
41 42
179 180
1014 1818
706 2123
839 2637
4083 4091
946 2522
2373 2382
223 1748
1363 1367
1222 2798
1172 1463
50 2993
1554 1694
1314 1319
2924 2925
591 2403
1172 1173
617 1348
432 436
601 2403
311 1752
2132 2395
183 185
53 2964
1547 2820
1348 1349
1186 1192
1356 1420
1161 1162
2509 2515
215 2989
600 2388
1633 1634
669 1824
586 590
2 1251
2351 2358
342 343
2762 2763
932 933
1231 1795
1469 1470
291 2411
2376 2377
1704 1705
1489 1805
1776 4152
2776 2794
1383 1385
629 1358
926 1658
40 767
2552 2553
560 2038
1159 2288
2129 4205
1298 1300
1212 1330
898 902
1148 2276
1493 1495
1839 4224
1152 2289
757 2916
2490 2506
1686 1689
1286 1479
1484 1805
1067 2431
1754 2423
255 2963
732 1377
995 2577
518 528
1529 1577
1158 2277
1477 1481
306 2422
2582 2583
1514 1515
622 1360
1791 2729
2245 2246
352 2456
2568 2569
1454 1627
925 931
2497 2498
1601 1602
2282 2284
920 2532
1269 1865
1261 1961
2908 2919
318 1319
2078 2200
4067 4068
1755 4122
1030 1832
1506 2536
511 2062
51 2993
2881 2893
248 250
768 2887
1445 2611
99 2973
1081 4264
900 916
4119 4120
1344 2402
1446 1447
1796 1798
589 590
997 1493
2457 2472
1602 1604
461 2368
1944 2407
1485 1489
1340 2100
1343 2039
1025 1980
1227 2766
1059 2436
268 4155
2197 4156
463 1856
1114 1468
2378 2380
1293 1472
587 2381
1685 1690
713 718
1524 1526
2845 2877
1347 2391
1003 2589
506 2079
859 1553
604 1364
1904 2580
1371 1829
974 1558
980 1495
748 2927
2011 2549
93 1866
1341 2026
406 2309
2006 2020
1442 1667
734 4229
911 912
121 2985
1010 1665
1112 1469
2615 2626
1069 1073
1679 2440
71 1872
562 565
1311 1312
1259 1267
742 2803
800 2902
817 2824
532 569
4101 4108
1592 1593
345 1472
656 1397
1233 2321
289 4244
1370 1394
1169 1797
987 2586
1942 1944
74 77
787 2862
769 2895
1420 1790
1483 2574
295 4252
2889 2936
700 1836
2571 2572
509 1787
2197 2201
1035 1041
2709 2710
1217 2799
2207 4172
1176 1177
1325 1864
1297 2991
902 2514
2622 2624
540 2027
1128 1793
2916 2917
1815 2402
942 2523
2833 2947
621 2677
545 2036
716 1063
1304 1307
477 1653
2218 2220
1737 1739
119 2976
814 2944
1044 1381
1530 2886
419 420
850 2644
2331 2332
507 2075
1028 1029
351 2458
230 1293
739 4209
689 2171
1490 2583
1230 2346
1219 1795
4072 4076
190 195
2638 2649
343 1751
378 1855
823 2817
260 277
1178 2864
484 1518
1813 2595
1789 2724
2435 2446
738 1393
1144 2292
1317 2313
161 2998
2106 2107
566 571
1075 2427
897 2514
466 1971
233 1272
925 2532
94 187
808 2830
4057 4061
1043 2438
1687 1693
1663 2518
710 2124
840 2662
1187 1191
1294 2461
1115 2240
1358 1360
716 2189
2856 2880
1458 1626
2116 2189
2848 2852
439 443
59 1763
2838 2883
1367 1395
1252 1253
36 37
457 2364
458 2127
444 450
451 2226
174 175
725 2187
735 1374
1217 2763
1375 2113
208 1745
395 2347
585 2401
1170 4079
2847 2865
1214 2768
1702 1709
464 1326
581 2397
1676 1992
2116 4221
1431 1433
560 2096
2965 2967
731 2105
1337 1452
2003 2487
1028 4191
1011 1665
86 2975
1580 1583
932 2543
2108 2743
157 1952
2017 2600
2134 2183
2047 2071
529 1337
274 1960
1934 2985
2895 2896
1780 2425
173 4154
2330 2339
609 612
474 2367
2861 2865
1642 1998
464 469
527 2056
804 2947
688 2137
926 2535
718 2117
341 2454
1376 1389
727 2185
473 474
1794 2474
1273 4059
583 2166
700 4198
1397 1402
1302 1304
661 2396
311 4148
1839 4188
2910 2923
928 2533
478 2355
1965 2421
1305 2473
29 1883
2963 2997
162 2960
889 1808
1064 1068
2058 2093
1397 1436
2456 2457
2003 2607
1500 2639
1083 1957
1370 2160
20 1265
530 2030
1705 1718
1326 2214
995 1490
350 351
1207 2785
1222 2799
1169 4081
762 2899
608 609
826 1547
275 771
1105 1804
664 674
1554 1695
1455 1636
511 2069
1683 1685
103 1871
2924 2926
147 1853
2125 2127
1195 4035
1434 1673
513 2088
1700 1708
1138 1139
213 1296
256 1859
183 184
187 189
1348 1350
141 3000
683 4197
754 1531
1013 1374
600 2389
918 919
1132 2259
811 814
1018 1830
786 2868
2351 2353
4095 4107
593 2391
1383 1384
953 2550
174 1276
987 1659
820 822
1640 1643
1123 1131
888 1508
1303 1304
898 903
1669 1671
792 2841
1416 2727
1925 4054
2871 2875
529 2034
1621 1647
1067 2430
4 8
362 2316
2940 2946
895 918
217 219
140 1828
1566 1567
1847 4193
1085 1422
2567 2571
2453 2471
1477 1480
468 2416
306 2423
1040 1041
622 1361
1048 1384
73 1768
157 4127
409 410
925 930
2073 2077
565 1788
1528 2938
221 2754
1561 2612
824 2817
20 4146
162 2424
779 2866
880 881
146 1773
1077 1078
1064 2443
900 917
1318 4236
1351 1352
1666 1668
375 1287
785 2863
113 1308
1650 4070
1521 1526
75 1880
1692 1735
346 349
92 1865
522 2060
1340 2101
1343 2038
172 177
2359 2369
2288 2932
637 2703
4079 4080
630 2688
4151 4153
1957 4254
228 232
1721 1727
621 623
2047 2095
58 1759
2804 2931
699 2181
1685 1689
1347 2390
1037 1038
604 1365
604 609
939 2520
974 1559
2014 2669
1166 1169
1311 2984
1794 2450
1053 2185
1789 2719
1403 1996
1808 1922
737 1374
762 763
433 2234
2723 2724
599 2393
4101 4107
214 2988
503 521
1117 1121
170 1274
2079 2086
49 2963
698 4223
186 1743
1193 4032
1258 1259
69 70
2534 2539
1373 1822
1173 1462
1176 1178
153 155
432 2234
305 2444
1128 1794
2580 2581
2303 2308
410 413
1516 1517
363 1315
1770 2968
2023 2558
1802 2944
246 1280
562 2071
552 2049
2605 2607
683 1833
1737 1738
1811 2595
1044 1382
518 2093
419 423
1190 1191
297 4116
901 2508
1549 2660
1388 4185
2809 2810
730 2110
231 1291
4021 4024
660 2381
4072 4077
284 285
615 2381
4063 4069
624 1352
2236 2350
1491 1494
684 1822
9 18
348 2464
568 2091
773 2852
1440 1671
1789 2723
1140 2290
1324 1856
925 2531
1451 1615
1433 1992
1470 1793
682 2171
758 2905
2019 2489
140 3002
1458 1627
2116 2190
1755 4263
2848 2853
435 2230
180 4111
1367 1394
1059 1061
1266 1975
1409 1410
2365 2418
1883 4123
698 699
1417 1635
2232 2233
283 2411
1806 2594
1375 2112
208 1746
2000 4204
694 2178
4044 4077
33 1261
1214 2769
646 1401
731 2104
482 1503
358 362
1072 1780
86 2972
689 2180
1228 1795
1089 1091
682 683
174 4112
1319 2297
1320 1321
235 1271
2047 2070
1651 4037
1390 1391
184 1879
1780 2426
1542 1543
780 2875
422 2204
2330 2336
842 2636
609 2383
760 761
1642 1999
1488 1805
4055 4057
2839 2841
2230 2232
292 4115
1763 2966
1376 1390
325 1324
1901 4079
1794 2475
748 1529
1453 1618
2215 4177
1820 4186
796 1543
981 2573
704 4194
1008 1009
1306 1464
1302 1305
4096 4097
2165 2166
1459 1626
216 228
1753 4250
928 2534
2006 2504
807 810
712 4209
1965 2420
2315 2320
2538 2539
744 745
801 2834
1370 2161
2167 2395
790 2878
4083 4093
1705 1717
1433 1734
4058 4073
554 2069
1143 2293
609 1823
480 2433
2988 2990
2891 2917
68 1872
275 770
354 1305
573 2041
2583 2584
727 728
1766 4175
1440 4224
550 551
1126 2258
2125 2126
95 1742
1195 4034
1209 2790
2584 2585
40 1927
2718 2724
187 188
2933 2936
1341 1342
910 2593
1127 2466
239 241
1056 1057
1109 1423
1369 1394
1186 2952
26 1259
1151 1465
2351 2352
724 4218
1676 1698
4071 4076
593 2390
4097 4105
1838 2146
171 172
1399 1400
1379 4216
523 2055
16 1259
389 2345
270 272
1198 4036
486 2654
2637 2662
341 2473
791 2843
1148 2278
223 225
1669 1670
446 2228
2061 2094
757 2914
414 4170
1137 2252
2871 2874
2335 2336
1621 1646
1484 1807
4 9
1734 1991
652 653
1984 4142
1296 2753
995 2579
2567 2570
551 2097
1085 1421
370 1480
779 786
468 2417
1040 1042
355 356
961 2559
1791 2731
1340 1341
377 1849
2102 2446
203 1877
2016 2593
64 65
2251 2257
960 2023
976 1814
209 2989
1864 4240
880 882
1506 2534
2474 2475
2448 2474
1181 1458
4252 4253
2930 2936
1149 1150
411 2310
1568 1580
99 2975
1554 1555
575 1336
100 1268
1022 2375
948 954
1803 2905
198 4112
1079 1962
763 2894
2589 2590
92 1866
1036 2439
522 2061
172 178
1294 1295
4151 4152
1929 2752
621 622
1222 4033
455 1970
1693 1696
699 2180
815 818
323 324
611 2373
499 1523
1003 2591
45 1775
2389 2403
428 4177
867 1808
732 4231
870 2021
1066 2434
2246 2247
2828 2829
1789 2718
373 1284
911 914
4040 4048
1127 1128
848 850
1492 1499
1819 4186
822 2818
1518 2655
669 2152
141 1827
231 1851
576 2232
2058 2067
881 2498
890 2672
318 2297
1134 2263
96 1269
2382 2384
214 2989
689 700
1795 2326
1460 1603
2837 2940
1117 1120
1970 2352
74 75
2621 2622
2891 2908
252 1282
1000 2589
1624 1642
675 2168
671 683
1173 1461
1372 1392
1299 4110
1656 2831
153 154
905 907
1948 2028
1322 1756
1516 1518
4124 4139
1031 4225
106 109
525 2063
1845 4232
401 1333
1522 2803
1802 2945
2198 4156
2761 2791
728 4200
2605 2606
1802 2832
1295 1301
2705 2740
465 2367
1811 2594
74 1761
1529 2927
1112 1793
419 2202
1539 1540
2818 2820
570 2397
1228 2322
689 2169
846 2633
460 2364
1135 2253
624 1353
250 1280
1903 2563
1387 4131
1250 1985
1799 2756
2860 2865
2637 2653
2034 2089
125 1305
3 1251
484 1512
961 1659
1156 2276
2355 2360
1854 1855
1789 2722
1140 2291
1071 1075
870 1808
634 1356
1121 1122
4065 4066
1245 1404
1821 1895
1178 1179
596 2392
1733 1735
1569 1582
854 1552
990 2584
1613 1622
393 2338
1938 1939
1317 2298
602 615
29 4123
2019 2488
84 85
1636 1647
1755 4262
2008 2510
1257 1982
678 2135
865 2620
539 2027
1121 2251
2263 2265
1417 1634
620 2681
544 2034
1391 1820
15 1259
725 2185
694 2179
426 4177
255 1939
2847 2867
4093 4095
4122 4258
1425 1429
731 2186
417 426
560 2098
510 2075
1797 4105
985 2571
731 2107
2010 2560
1966 2351
2483 2486
86 2973
1045 2438
1089 1090
558 2047
1834 4241
994 1490
2836 2837
1319 2296
235 1270
2762 2770
1586 1597
1220 1795
2019 2608
913 2513
780 2868
716 718
2330 2337
57 63
1032 1441
2214 2236
278 1937
474 2365
205 1871
41 4235
2839 2840
999 1486
1763 2969
270 1936
838 840
2517 2518
1794 2472
1350 2684
1047 1384
25 1255
4056 4057
1453 1617
2840 2841
1250 4163
359 2320
1008 1010
1306 1465
4096 4098
2355 4136
1716 1740
770 4242
28 29
1170 2948
573 2091
213 2988
2064 2065
1189 1801
1638 1640
1055 1060
200 2753
1696 1715
1359 2709
2338 2347
788 4034
179 185
108 113
1314 2326
741 2939
636 1363
4083 4092
1265 1929
1106 1423
55 1931
1302 1882
331 419
402 2343
321 1317
1143 2292
548 2092
1363 1368
245 1861
276 4115
1272 4130
480 2434
606 2374
1544 2828
1157 2287
727 731
1615 1616
1338 1452
1440 4225
1782 1783
2309 2310
1744 2974
1018 1376
4061 4076
519 2064
183 186
1447 2795
2643 2657
273 1834
2956 2957
1018 4183
117 1303
475 2444
3000 3001
997 2575
1633 1639
259 2960
1322 1974
239 240
1056 1058
243 245
973 1558
196 197
1502 2539
786 2866
1535 1589
724 4219
2376 2380
635 1401
296 4245
1327 1970
743 1527
987 1661
2190 2193
1640 1645
486 2655
1297 1300
944 1660
711 2194
791 2842
309 1958
898 901
1148 2279
223 224
227 229
505 2231
948 2551
1798 1799
1116 2237
792 2843
2674 2685
622 2677
2832 2900
397 404
1415 1422
529 2089
2218 4170
1903 2559
405 2334
552 1342
595 2392
1040 1043
961 2558
1791 2730
726 2110
1454 1630
1423 1429
945 1662
1513 2634
673 4199
207 208
944 946
616 2371
362 363
2282 2283
1298 2992
1145 2293
753 1531
1030 1839
2343 2345
1506 2535
1816 4233
2881 2882
1689 1714
1205 2775
100 1269
895 2014
1037 1783
1318 4125
2250 2253
4085 4087
997 1490
1277 1290
1650 4068
1602 1603
1803 2904
806 807
130 1308
584 2399
1216 1796
491 1519
2745 4227
539 1341
66 1757
1810 1814
1494 1495
1718 1719
490 1521
1794 2271
709 2193
1785 2074
699 2183
2892 2896
1559 2022
241 242
2097 2098
499 1522
1838 2175
1003 2590
701 4223
143 1853
2508 2672
2049 2080
363 2316
1618 1620
2011 2550
1794 2448
847 2646
300 4116
689 4211
1079 4266
132 133
2339 2347
894 895
1204 2796
1082 1972
1787 2069
1069 1070
1366 2376
1673 1676
1507 2530
840 2637
2180 4198
542 2037
178 184
352 2471
2152 2153
170 1272
2122 4206
1766 3000
906 2016
619 2675
2012 2584
1858 2994
1124 2248
896 2509
252 1283
295 4249
467 2415
61 1763
884 1508
356 1313
671 682
2534 2537
1372 1393
93 94
823 1547
1322 2406
1487 2592
2454 4169
2630 2647
261 4155
902 2513
91 1865
1130 2262
1797 4068
473 1081
261 2424
2635 2649
1218 2756
309 312
612 2379
212 4154
1802 2833
768 775
200 201
862 863
419 2205
999 1910
507 2076
1040 2439
626 2690
2252 2253
389 402
730 2108
1228 2323
739 4210
2918 2925
1490 2578
1219 1796
1135 2252
4063 4071
823 2818
793 1543
348 2466
4250 4261
2860 2866
526 527
125 1304
695 696
773 2850
2544 2545
1289 1563
1156 2277
1789 2721
1071 1074
892 2669
1629 1636
541 2031
1543 1544
1245 1403
493 1526
1141 1466
4040 4045
1430 1431
1544 1545
1 1255
1163 1465
998 1488
1374 2139
90 1269
1687 1694
393 2337
1770 1772
1187 1192
2449 2451
84 86
1954 4126
861 2614
1257 1981
678 2132
1896 2141
128 4159
411 415
2263 2264
2707 2708
1971 2418
516 2054
620 2682
544 2035
971 1492
1806 2592
922 2532
329 2303
2161 2372
993 2585
4093 4094
258 264
4122 4259
1425 1428
931 2527
841 2653
729 731
298 4116
1508 2499
1504 1571
754 2922
985 2570
379 2327
731 2106
2784 2785
1540 2873
1045 2437
783 1540
1711 1712
2386 2388
558 2044
1253 1930
1465 2290
913 2512
1392 1393
53 57
1822 2145
716 719
57 62
1926 1928
2665 2669
842 2634
2688 2689
688 2140
1488 1807
1412 1429
4055 4059
1467 2242
725 728
339 1301
270 1937
162 1318
1350 2685
4056 4058
1453 1616
633 1401
136 137
469 2367
427 2222
670 2174
1333 2342
162 4125
28 30
2910 2926
1170 2949
738 2155
705 2194
958 1660
213 2987
926 1502
688 692
2064 2066
4023 4025
1385 1441
1696 1716
2003 2608
433 436
179 184
1230 2787
895 2529
2480 2481
1745 1746
50 1763
1486 1488
534 2029
399 1332
1143 2295
321 1316
1211 2791
696 1816
70 77
793 2946
56 1931
606 2375
2891 2919
2506 2507
598 599
1598 1600
2173 2174
237 1861
1790 2728
32 4140
1161 2283
1314 1315
2307 4179
2066 2067
4129 4256
1133 2271
1823 2378
4059 4061
1360 1361
1959 4117
2484 2485
728 731
267 1757
1447 2794
323 2298
2450 2452
395 397
703 4203
1329 2332
2044 2045
2894 2899
1413 2727
342 2469
105 106
1633 1638
1564 1568
423 2204
1055 2435
260 1940
845 2634
1786 2124
1381 1384
763 1533
196 198
855 1553
794 2883
309 2749
502 1522
1603 1604
1704 1709
581 582
1392 1437
977 2613
2477 2481
665 667
1838 2144
1399 1402
1422 1635
1853 3001
987 1660
1355 1420
23 4146
275 1960
1198 4042
4038 4039
944 1661
2633 2652
2208 2417
316 2299
2623 2645
227 228
2603 2605
247 249
1793 2243
1116 2238
114 2978
6 1258
153 1318
922 1507
1925 4051
1225 1226
322 323
2832 2901
1821 1838
903 905
2218 4171
552 1343
1029 1843
289 4115
1040 1044
890 2509
726 2111
4041 4058
2858 2859
796 797
945 1661
1423 1428
307 1956
547 2037
558 2095
2846 2847
1472 1566
1239 1432
616 2372
310 1752
878 880
2790 2792
1160 2283
582 2400
173 176
1248 1616
1145 2292
753 1530
1963 2425
2343 2344
812 1545
2503 2510
2930 2934
2082 2098
1568 1582
889 891
1666 1667
1022 2373
1323 1324
1681 1682
1746 2989
837 2640
4085 4086
1277 1289
2631 2632
1845 2744
503 1337
908 2517
259 2959
2422 2423
862 864
2053 2054
963 2559
2834 2941
1358 2708
208 216
1567 1568
1822 1895
2783 2795
91 181
1785 2073
699 2182
2432 2443
696 2136
2892 2897
323 326
1713 1741
571 1788
144 1310
331 2204
1949 2090
1077 1963
1618 1621
89 182
1794 2449
1386 4226
1216 1217
2714 2715
132 134
828 1515
1557 1558
85 1878
1753 4263
166 1873
784 2872
732 2694
318 1848
822 2816
464 2417
669 2150
1449 4022
720 2114
737 4229
1331 2786
1366 2377
674 675
1134 2261
4101 4104
1507 2533
1955 4257
647 1401
2122 4207
1766 3001
1833 2174
88 182
619 2674
627 1355
1124 2249
295 4248
1624 1644
658 1396
728 2185
983 1491
884 888
553 2082
48 1858
768 2855
1390 1818
219 2751
1182 1458
1287 1288
1200 1202
775 776
2303 2305
1797 4067
363 1316
1310 4174
453 454
2968 2970
1405 1676
462 1856
221 1295
394 2347
674 2163
1241 1732
176 196
200 202
165 1880
863 881
419 2204
1285 4118
2168 4213
1792 4023
4117 4250
2252 2254
1380 1384
730 2109
1446 2783
1482 1496
956 2639
1118 1468
71 2955
956 2023
190 199
963 965
1062 1063
90 91
1274 1277
2624 2643
1409 2696
464 2208
56 86
1375 1845
532 2033
1219 2801
1812 1914
1499 2561
2888 2903
1316 1317
2780 2781
804 805
1789 2720
1092 1424
1470 1578
942 943
972 1558
751 753
1141 1465
1151 1796
618 2674
878 2496
684 1373
1361 1363
707 4204
783 2876
1042 2438
1026 1027
1115 2244
758 2908
2449 2450
1152 1153
2621 2624
678 2133
1525 2654
1896 2142
665 1370
1059 1062
832 2812
283 2412
1806 2593
1473 1929
1281 1282
993 2584
2847 2877
1087 1414
667 1371
116 117
4122 4256
731 2188
2765 2768
556 2097
2038 2081
867 868
304 1778
270 767
2917 2918
1357 1401
2483 2488
512 2086
1540 2874
2516 2665
1283 1299
450 451
1805 1910
2836 2839
1000 1805
637 2740
1209 1331
485 2656
1404 1434
941 2548
102 2992
780 2870
206 1290
842 2635
609 2380
924 925
544 569
382 1855
1412 1430
4055 4058
989 2585
1534 2887
2481 2482
160 161
104 2979
325 1321
1376 1377
817 821
542 2090
1333 2341
868 1556
539 540
297 1945
28 31
458 1968
1621 1623
926 1503
549 2048
1192 1457
918 2527
4023 4024
1638 1646
538 1947
2485 2486
307 1754
1005 1487
1791 2736
1500 2554
4163 4164
895 2528
1537 2868
30 1254
662 663
2846 2848
592 2403
228 1851
4026 4030
550 2092
1623 1645
1323 2412
2891 2918
1338 1339
43 4235
2758 2759
1790 2729
1837 4188
1153 1162
385 2336
1328 2328
1710 1730
4034 4038
4051 4060
343 349
725 4200
519 2066
1650 4103
206 207
308 4147
323 2301
44 1857
2894 2896
1633 1637
918 939
845 2633
169 1272
1796 2932
1186 2951
2742 2743
855 1552
91 1743
2105 4215
1704 1710
543 2084
977 2612
2477 2480
953 2554
1057 2116
639 2712
4142 4149
729 1379
2130 2132
537 1340
1163 1796
1159 2287
1940 2424
28 1885
724 1058
283 1944
1375 4233
305 1972
791 2836
789 1182
1837 1980
705 2131
1148 2273
1107 1423
223 226
2603 2604
247 248
1203 1204
1116 2239
792 2845
6 1259
745 1527
1415 1416
871 1556
1517 2806
415 2310
549 2084
2616 2620
595 2394
1182 1800
551 2098
904 905
48 2995
2111 2112
1423 1431
979 1680
449 2225
1071 2433
386 2346
2559 2563
2251 2258
231 232
776 2893
188 189
2789 2790
173 175
1393 1396
2867 2872
2907 2919
441 2363
1342 1343
1240 1697
51 2996
2930 2935
835 2819
2701 2702
889 890
106 116
1003 1806
505 513
903 2007
1123 2245
77 1761
210 214
854 855
1366 1367
572 2100
4143 4164
195 199
462 2196
37 1256
1104 1105
1530 1531
1332 1333
1962 1964
963 2558
703 2136
917 2513
232 1851
923 924
949 2552
1355 1357
2632 2649
759 765
979 1445
2269 2273
237 243
1886 4114
1806 1911
480 1064
1799 2781
1409 2723
32 309
144 1311
1515 2664
1077 1962
427 436
2830 2947
199 200
406 2334
2454 2455
2501 2608
816 2824
158 4127
848 853
784 2873
822 2817
1166 1463
1742 1878
1449 4021
737 4228
616 2164
1331 2789
742 2804
2629 2646
857 2615
1119 2251
1955 4256
647 1400
627 1354
122 1934
1193 4027
1519 2807
718 4222
295 4251
613 1844
1204 1925
1672 1691
1951 4127
1216 2799
1167 1172
1154 2293
1390 1819
1864 4126
454 2363
1797 4066
1310 4175
811 2827
4090 4105
1775 1857
1185 2950
1206 2792
304 2415
221 1294
13 4149
44 53
1558 2484
2212 2215
700 2181
747 2890
1376 1818
200 203
257 260
207 1276
199 4112
507 2078
2852 2879
1129 2247
2950 2952
563 2045
245 1270
1490 2576
1935 1936
963 964
1270 1271
36 1926
1802 1803
305 4266
2821 2822
438 2362
125 1302
4081 4086
578 2200
1812 1915
1156 2279
2888 2904
1466 1467
2780 2782
2167 2748
1470 1579
634 1355
2910 2928
704 4233
972 1559
751 752
110 1768
1673 1996
4040 4047
708 709
618 2675
94 188
310 2749
1687 1688
2257 2258
1361 1362
1814 2609
2764 2791
1688 1689
758 2909
928 1506
49 2995
226 1749
4100 4132
922 924
1896 2143
1217 1796
1576 1577
1121 2248
2850 2851
205 4157
160 1951
1954 4239
832 2813
1417 1639
1969 1970
2129 2194
2384 2385
1802 2815
2782 2785
620 2676
15 1268
1033 1379
922 2530
329 2301
96 1744
1706 1718
4044 4073
1948 2035
1232 1329
667 1370
258 262
508 2076
2765 2767
88 1743
181 1866
1728 1733
1526 1574
1545 2822
1443 1666
1711 1741
1161 1249
2004 2017
1045 2435
911 1661
607 1022
1805 1909
1253 1928
2128 2194
103 2979
2017 2595
1301 1882
1651 4041
1718 1730
2834 2882
111 128
151 1321
1811 1913
913 2518
930 2540
1017 1825
13 1268
630 2687
1086 1415
429 4171
206 1291
842 2632
2056 2093
839 1549
968 970
926 2536
210 4154
204 2991
1432 1992
878 1808
1304 2983
1377 2743
1148 2270
136 139
2357 2359
359 2317
469 2365
817 820
1026 1440
2510 2511
1416 2736
137 1831
541 2033
216 232
1753 4254
2118 2120
1621 1622
1523 1575
260 2959
1874 2971
831 1520
4089 4090
2873 2874
1373 1389
1479 1564
1955 4122
1510 2650
436 2224
1359 2710
733 4231
2470 4167
430 2218
780 1537
1597 1598
1314 2325
956 962
906 2007
772 1536
753 754
399 1334
2846 2849
849 2648
1623 1644
466 468
216 1747
1270 1975
533 538
1157 2284
405 407
1161 2281
1513 1514
889 2496
1153 1161
1328 2329
1011 2005
1247 1298
429 2222
2036 2056
2383 2384
2044 2047
1588 1593
1263 2425
58 62
1309 1933
447 448
2595 2597
2327 2334
1502 2542
4054 4059
261 268
1081 2419
157 1951
1768 4159
786 2865
1059 2431
1444 1783
1535 1590
4071 4072
1982 4166
1446 2788
372 4120
2628 2629
2477 2479
953 2553
1417 1418
194 195
300 4252
1123 1134
2179 2181
31 4124
2641 2642
220 2751
1159 2286
791 2839
789 1181
705 2130
1771 2967
1677 1810
863 2616
965 2560
1401 1409
304 1081
691 695
672 1897
251 252
736 1376
158 4128
4206 4207
146 147
1256 1926
903 907
1406 1432
2159 2161
1168 4080
153 4126
1510 2630
2829 2947
1182 1801
542 1948
605 2380
1391 1437
2422 4264
2476 2620
1826 1828
34 1842
1614 1619
449 2224
2497 2500
2748 4212
1562 1677
235 236
1207 1208
43 1841
1160 2285
373 374
173 174
1298 2991
1311 1934
452 2127
2703 2709
441 2362
668 1371
1238 1405
2503 2504
2756 2760
2425 4257
1933 2985
219 2754
456 2352
827 2819
612 2386
1803 2909
459 1969
4214 4216
1332 1334
1319 2348
1059 2442
915 942
1958 4258
1001 1663
1426 2738
1355 1356
2632 2650
1354 1641
1900 4053
702 2177
1202 1273
452 1968
35 1256
2264 2265
1713 1731
480 1065
921 1507
299 467
2430 2445
894 896
4173 4239
1324 2195
1618 1619
357 2326
199 203
1552 1553
73 4160
1046 1051
2777 4051
650 1400
2912 2921
723 4203
1787 2070
819 1547
1449 4020
2837 2839
541 2090
1331 2788
742 2805
731 4200
1145 1154
857 2614
1592 1599
986 1490
1866 2974
1589 1590
1795 2475
389 1331
775 2859
1519 2806
218 2754
369 1282
420 2202
2333 2339
4027 4031
759 2898
1674 1698
272 1937
681 2171
1888 2426
160 2746
463 2197
91 1866
1797 4065
525 2059
2222 4171
261 2405
79 1762
760 2898
4036 4037
628 2690
282 1756
2004 2598
44 54
1558 2485
48 49
1737 1741
200 204
2221 2350
794 2838
507 2065
4117 4248
509 2075
626 2689
313 1776
730 2107
563 2044
1060 2116
1490 2577
425 2199
698 2181
4063 4064
2756 4158
378 1849
1213 1223
1274 1275
305 4265
825 2814
2860 2861
1796 2802
1534 2857
2498 2666
4081 4085
532 2035
3 1255
2125 4138
28 1926
2888 2905
707 2191
851 2623
328 1324
2277 2475
1808 2019
1370 2372
1245 1400
1075 2369
2487 2488
974 1814
720 2193
849 1551
136 1826
541 1949
1281 1978
1696 1707
969 2559
747 1529
329 332
278 279
2198 2199
1785 4210
287 2195
839 2662
852 2644
287 463
1552 2657
1177 1179
683 686
928 1507
604 2380
49 2994
366 1471
1351 1624
2537 2539
1110 1793
2384 2386
4091 4096
2709 2740
1869 1880
2979 4161
329 2300
1267 4143
945 2522
931 935
258 263
139 1828
2306 4179
317 1320
1702 1703
508 2077
4181 4182
871 2477
1504 1574
805 2831
1526 1575
1308 1774
383 2327
1555 1687
597 1361
1711 1740
129 131
1357 1399
1698 1993
222 1294
93 2974
1308 1309
4113 4152
1805 1908
1651 4040
287 1323
1390 1392
151 1320
1811 1912
1537 1587
889 2625
507 510
1392 1396
429 4170
278 1941
234 4130
205 1867
1159 2932
1590 1592
124 125
413 414
1412 1424
950 2547
2124 4209
156 160
1047 1380
2721 2722
1304 2984
766 2894
1066 2118
15 1984
1137 2267
541 2032
2910 2925
315 4151
153 4240
1199 4055
36 1256
1398 1402
2117 2191
1510 2651
1055 1056
1158 2288
1210 1211
108 109
368 1566
1884 4124
1396 2698
301 1778
676 2070
4163 4166
365 2327
224 1749
488 2658
1376 2745
2117 4206
678 2167
1494 1569
466 469
1483 1484
1943 1944
1520 2808
759 2917
4190 4224
1157 2283
1873 4160
1161 2280
873 1558
197 212
1133 2268
1018 1388
1209 2793
947 1660
2390 2391
1895 2145
4260 4261
2493 2494
2728 2729
267 2967
2142 2143
444 2350
395 398
1186 1187
623 1360
1329 2321
2128 2129
1588 1594
565 571
1228 1229
2424 4155
985 1491
853 2615
1009 1665
1829 2156
1505 2536
1786 2123
1206 2024
778 1536
1390 1437
915 917
1502 2543
657 2698
2673 2685
1233 1795
1603 1609
470 2366
1520 1521
1171 1801
372 4121
2492 2494
2628 2630
298 2407
1707 1716
1550 2638
479 2357
242 244
314 1753
167 183
618 619
1404 2718
1445 1680
305 1962
705 2129
1401 1408
1111 1793
114 2977
6 1257
529 2036
1841 2997
903 906
1373 1392
51 53
323 1848
153 4125
1372 1829
427 4177
1510 2631
647 1409
551 2092
370 1477
245 247
904 907
1045 1054
585 586
1688 1699
17 22
1194 1792
23 24
1423 1425
558 2098
2748 4213
774 1219
1239 1429
137 1310
2353 2359
1288 1563
1160 2286
209 1276
1248 1619
1220 2797
1488 1489
1568 1569
264 4238
1806 2591
276 1941
106 114
2425 4256
865 1555
364 1854
978 1810
883 2666
4264 4267
149 151
1287 1479
1387 1847
869 1556
908 2512
2114 2747
1030 1391
1334 2233
959 2023
459 477
1958 4259
1358 2715
2234 4171
1426 2739
1721 1729
2959 2960
1413 1635
1388 4226
55 1268
1713 1730
480 1066
408 1335
685 1373
193 1867
191 192
506 2086
894 897
578 2226
381 2334
608 2382
1164 1165
1014 1390
587 660
1386 4225
1552 1554
1354 2690
1652 1955
1050 1379
189 193
233 1285
819 1546
802 1656
539 2083
1231 1233
576 577
1456 1457
2456 2472
2837 2838
2510 2598
2904 2905
1180 2856
1145 1153
1260 1834
1169 1901
1630 1636
986 1491
178 180
1652 1776
1955 4258
1661 1662
1795 2474
545 548
775 2858
2161 2162
924 2532
2872 2877
59 2965
2038 2043
420 2203
998 1908
4027 4030
722 2110
1045 1782
1007 1663
1447 2782
1656 2947
1182 1457
69 1890
391 2344
1692 1714
1418 1643
628 2691
1388 1837
1139 2257
49 254
1539 2869
1102 1455
691 4195
2210 4172
1388 1980
1295 1296
1737 1740
518 2087
844 1550
207 1278
215 2755
103 4157
509 2074
1028 4224
715 4208
1368 1395
1183 1800
2614 2619
2202 2205
182 1743
963 966
4063 4067
1639 1640
795 2941
1254 1842
821 2945
652 1402
2498 2667
1219 2802
1074 1075
2544 2549
2888 2906
1060 2442
971 2565
1808 2020
2854 2858
2553 2554
869 2478
1370 2373
781 2876
110 1774
1847 4225
1432 1676
1234 2324
1338 2030
1149 2279
1939 2963
909 2008
323 1891
2107 2188
253 1283
747 1528
1557 2481
991 2581
1627 1629
1695 1707
1192 4034
852 2645
1177 1178
750 2915
1319 1320
1481 1804
1089 1791
425 1326
1403 1435
2823 2945
564 1343
1325 4240
2537 2538
1276 4111
644 1399
1177 1460
1083 2422
1391 1819
368 1471
461 2126
95 1744
2898 2916
945 2521
893 1507
116 2980
4099 4100
1607 1608
139 1831
679 4213
1005 2594
1028 1843
1041 2439
1541 1542
1229 2323
410 2310
129 130
44 1775
2412 2413
2903 2920
911 1663
425 4156
148 1853
387 1331
1805 1907
2763 2770
10 22
1795 2801
1465 2294
1651 4043
1814 1923
440 455
54 2971
574 1346
1704 1717
930 2538
1193 1456
274 1842
1302 2986
2771 2772
816 817
1479 1498
1412 1425
2124 4210
3 4166
2190 4221
722 726
766 2895
2396 2397
1360 2688
188 1761
1137 2266
886 891
596 597
2117 2190
918 2514
1566 1578
1638 1645
937 2547
1435 1436
2338 2340
836 1515
108 110
576 2068
37 38
319 1932
746 1528
676 2071
1039 2439
239 4130
24 4145
4026 4029
2365 2367
509 511
755 1531
2621 2657
1623 1646
1747 4150
355 2449
2707 2740
302 2408
73 76
526 2056
759 2916
1649 4059
1157 2282
1683 1690
687 2175
1209 2792
1063 1065
559 2097
4061 4071
2810 2939
2383 2386
117 1298
2868 2870
1506 1512
2595 2599
2337 2347
915 916
471 472
755 2921
1018 1825
786 2863
2602 2608
1223 1899
470 2367
1438 1671
1520 1522
428 2216
2492 2495
4097 4099
1349 1613
27 1926
732 1845
1119 1467
1754 4254
2590 2591
2130 2131
167 182
855 2617
1312 1313
615 1844
2768 2769
800 801
708 2182
1056 2446
1722 1727
412 430
1330 2793
1793 2247
1805 2580
1327 2352
1857 2996
414 4172
1268 1984
51 52
800 2882
265 4237
1025 4131
1057 1654
975 1559
1659 2670
245 246
1312 1773
1391 1439
605 2378
722 4218
1215 2765
1513 2637
1071 2434
364 379
934 939
1391 4224
137 1309
2353 2358
1207 1210
130 1826
1031 1852
956 2554
1160 2287
155 1953
20 4153
2867 2877
1353 2690
1220 2798
309 4261
110 4160
343 2465
313 4258
561 2039
1263 1264
40 270
865 1554
1681 1686
2622 2623
1123 2246
501 1522
1550 1700
1803 2911
1371 1393
575 2233
1808 2478
1922 2490
1962 1963
2134 2135
381 382
595 1348
1567 1580
1001 1661
1355 1358
1157 1160
2896 2897
1457 1458
890 891
134 135
624 2687
980 981
2892 2893
237 240
756 2912
1852 4225
440 2370
608 2383
1500 1570
1216 1221
1202 1448
1354 2691
1047 1052
1309 2985
189 192
379 1854
555 2055
1386 1387
1331 2790
2354 2360
1363 2705
830 2806
64 133
1652 1777
2706 2740
1414 1422
953 1501
2502 2598
2540 2541
1532 1591
590 1345
769 2887
1048 4214
59 1759
122 1933
1835 1837
924 2533
1305 2982
1361 2686
998 1909
2855 2884
1402 1436
1226 2766
1508 2516
975 2609
761 1533
1418 1640
1167 1463
2524 2525
1572 1573
1553 2616
1529 2929
978 1561
794 2836
584 2400
2909 2911
4069 4071
516 1337
303 2415
563 2046
2712 2740
567 1950
1693 1694
36 1842
1340 2026
698 2179
1527 1576
190 203
963 969
587 2401
4063 4066
795 2940
825 2812
898 2672
855 860
875 2491
766 2896
1167 1801
66 79
288 2409
968 1499
2562 2564
1345 1815
2357 2369
677 2130
1121 1124
243 1270
1840 2158
959 960
136 1828
909 2007
916 917
522 524
2409 2411
2547 2549
818 822
120 1309
1263 1652
1561 1682
605 606
706 707
1024 4188
715 2119
1403 1434
922 923
1342 2080
614 615
286 2414
2823 2944
1700 2002
526 2093
1915 2599
885 2500
78 1760
763 764
1420 1641
1579 1584
310 311
461 2125
453 1968
701 702
1267 4145
218 4150
395 2339
466 2365
33 1254
2210 2211
4099 4103
1407 2721
679 4212
275 4242
871 2479
2900 2901
150 2746
2743 4232
2808 2809
617 2673
410 2311
1698 1991
1966 2353
1452 1615
1684 1686
783 1539
911 1662
387 1330
1805 1906
1550 1551
2636 2653
885 886
574 1347
554 1787
2330 2347
1108 1426
600 1365
273 4241
730 2188
1338 1615
839 1550
238 243
53 1857
935 2548
359 2318
349 4168
2870 2875
2424 2959
1360 2689
1523 1576
1505 1525
596 598
1559 2609
193 205
2068 2079
904 913
937 2546
2074 2128
430 2217
179 191
743 2931
442 454
2235 2236
1268 4141
1335 2340
1682 1686
24 4146
603 1365
1485 1807
46 47
926 927
2658 2659
1438 1439
355 2448
526 2057
1969 2363
224 225
1235 1673
2778 2784
1070 2445
559 740
1650 4099
276 278
1387 1980
254 255
1 9
2038 2049
1263 2426
1019 1021
105 109
210 2989
17 1267
423 2203
1055 2446
1786 2121
890 898
1353 1642
1942 2962
910 1007
1671 1672
2271 2273
958 987
4054 4062
4086 4087
1797 1798
2869 2876
272 770
330 1324
81 1762
1982 4165
296 4251
1520 1523
4097 4098
1068 2433
29 31
52 2964
394 396
2265 2266
300 4255
479 2359
2214 2349
5 22
1312 1314
1327 2370
1637 1638
1722 1724
1793 2246
1805 2579
1341 1614
1255 1928
2074 2194
2255 2257
2911 2918
998 999
397 398
4057 4076
1145 1146
1786 4209
2159 2162
549 2080
1846 2300
2024 2778
1946 2034
1085 1414
1644 1999
1622 1623
722 4219
1215 2764
222 223
1513 2636
1614 1622
340 1882
449 2229
558 2096
1818 4182
1207 2781
1239 1431
799 2838
1316 1932
831 2809
594 1364
1198 1448
101 2980
1973 2362
598 2392
1248 1621
759 2891
2133 2135
2179 4223
561 2038
466 2418
55 56
2667 2668
40 271
59 61
1057 1058
2126 2364
492 1526
65 1868
693 694
865 1553
1307 2982
1681 1685
1123 2249
1415 1791
568 1344
1550 1701
1803 2910
1605 1606
670 1833
982 1491
575 2232
1808 2479
1669 4225
1825 4184
966 967
1340 1616
20 21
1642 1644
378 2313
1426 2737
335 1293
1041 1382
1762 2972
1781 1888
2264 2268
1210 2779
2892 2894
237 239
2112 2744
1072 1888
1284 4121
190 191
1251 4166
1421 1427
1467 1597
44 1268
633 1355
641 1358
2119 4208
986 2572
489 1516
1511 2633
1481 1498
2420 2444
4022 4023
1232 2323
1331 2793
1282 1299
1363 2704
478 2434
830 2807
857 2619
1078 1080
636 637
567 573
1052 2435
1082 4267
1048 4215
1193 4031
1428 2738
420 425
92 2974
2197 2208
2463 4168
2855 2887
658 1393
2563 2564
51 2964
2119 2120
707 708
447 577
1167 1168
1870 1873
565 2042
901 2672
712 2121
1797 4078
581 2400
608 1022
761 1532
1378 2106
1218 1799
2524 2526
1572 1574
1399 2717
2886 2924
305 475
282 2406
859 860
1371 1372
1017 4183
794 2837
584 2401
4069 4070
1242 1431
2221 2236
371 1475
4117 4261
1785 2127
382 2334
828 832
1617 1618
2775 2794
276 770
2143 2176
1497 1565
193 1877
449 451
851 2643
196 4112
675 4213
2654 2655
1156 2275
872 2481
447 2229
1034 1667
971 2567
1146 1147
319 1319
1831 3002
4102 4103
677 2129
1401 2695
1505 1512
1234 2322
1967 2363
2276 2279
2332 2336
976 1560
790 2858
1814 2613
1688 1693
1561 1681
1252 1928
1090 2734
1061 2431
1576 1581
444 1968
965 966
514 2066
1421 2734
1405 2719
1800 1801
78 1761
1802 2811
108 1308
1531 2921
1020 1030
1033 1383
553 2049
1267 4144
1372 2154
931 936
485 1518
684 2148
1226 2787
19 4139
1005 2592
805 2828
1190 4106
1308 1769
985 2572
2931 2936
1545 2826
2774 2794
1684 1687
1805 1905
10 20
2017 2599
289 2407
1651 4045
1723 1724
1811 1917
2268 2269
2853 2859
422 2196
994 995
1346 1612
1454 1455
816 819
2655 2656
870 2478
1150 2278
4064 4065
1627 4026
1104 1482
2150 2152
715 1784
2274 2276
1739 1741
2018 2608
45 1857
959 2557
349 4167
2424 2960
400 403
1841 2958
978 2612
478 2360
932 1502
2068 2072
264 2966
971 2013
886 2500
426 1326
1164 1796
937 2545
1945 4116
1435 1438
123 2984
2890 2935
179 190
4229 4230
1050 4214
727 1053
1305 1307
2882 2902
1523 1526
149 1319
70 71
4026 4027
1006 1811
1140 1141
1799 1900
628 629
3 1982
2104 2105
2217 4170
1258 2996
355 2451
1455 1647
1161 2285
2030 2033
1513 1518
2778 2785
2244 2245
223 1293
4034 4035
1895 2146
1522 1527
680 2168
2586 2587
206 208
607 2375
530 1338
1799 4060
2219 2223
1531 1532
1829 2153
1 1977
1436 1437
412 2217
1353 1641
2321 2324
1258 1775
750 751
2834 2835
1728 1987
2139 4233
2271 2272
1081 2423
2673 2674
1246 1423
1004 1806
341 1302
1946 2089
580 2041
397 2333
296 4252
543 2083
1051 1052
1194 1449
2041 2398
2564 2565
353 2450
642 1399
1023 4185
800 803
1003 1004
1463 1464
705 2134
2840 2940
2623 2643
1136 1142
624 630
162 4155
1752 4243
638 1359
1604 1608
1073 1780
1372 1824
543 1341
605 2376
1045 1051
991 2671
352 2450
2476 2616
2375 2378
1423 1426
1499 1500
144 146
449 2228
1316 1854
1525 2656
1207 2780
1239 1430
718 719
2494 2495
2114 2115
831 2808
1198 1449
83 84
1373 2149
101 2979
2243 2245
598 2393
73 110
38 1256
988 1661
2133 2134
358 2325
395 2333
768 2897
343 2467
1593 1594
272 276
476 2360
106 113
2596 2597
1100 1453
182 186
625 2687
210 211
2127 4210
1158 1648
4070 4072
721 2114
794 2878
87 89
20 22
21 315
2180 2181
4037 4043
1065 1066
1072 2426
1197 4041
1271 1272
1715 1716
1138 2295
1099 1451
237 238
756 2914
578 2078
1466 1585
1013 4230
1424 2734
1010 2005
239 1285
1049 2103
4056 4073
2654 2656
641 1357
326 1891
1206 1446
797 1902
4127 4128
1481 1497
269 277
1268 1975
2744 4232
1166 1464
1834 1842
1725 1739
1245 1409
1231 1234
1232 2324
743 744
2023 2639
846 1511
934 2527
1814 2606
1796 2285
1441 1669
87 1269
2079 2200
333 1301
1233 2319
1328 1329
927 2539
2823 2825
967 2010
314 4250
653 2702
2012 2583
2083 2090
93 181
2711 2740
1082 4264
787 2872
802 2947
1193 4030
1835 1839
160 4128
2908 2909
2675 2682
2796 4051
722 2109
1167 1171
1390 1820
1898 2379
374 4120
1183 1457
504 505
5 4143
1571 1572
1572 1575
1139 2258
2262 2264
586 1345
1210 1799
459 2361
823 824
236 1270
1712 1741
1529 2935
266 1771
968 2561
32 1261
4117 4260
1375 2744
1368 1398
580 2398
32 1884
534 535
1556 1684
488 489
877 881
135 4240
1497 1564
2983 2985
449 450
742 2889
875 2493
2018 2605
1156 2284
872 2482
427 2235
2137 4195
971 2566
1021 4187
2640 2661
1272 1274
1268 1931
1234 2323
782 2869
966 2010
347 1110
866 1554
1613 1614
2312 4170
1627 1630
2214 4177
357 1314
818 820
783 2874
2449 2452
320 1932
1543 2841
2462 2463
950 1500
2247 2260
286 2412
4050 4077
514 2067
1071 2357
2027 2083
1697 1714
309 1262
793 797
553 2048
1195 4049
1372 2155
1538 2869
4099 4105
258 259
1237 1407
508 2073
563 564
2555 2557
556 2095
1871 1889
1151 2294
1308 2977
4088 4096
342 1751
4062 4064
1867 4162
1701 1711
2017 2598
1651 4044
2614 2667
2719 2720
1310 1933
574 1345
102 1298
1811 1916
2853 2858
930 2537
4236 4237
53 1758
1765 3001
1346 1613
1349 1622
870 2479
4064 4066
1627 4029
168 1271
2661 2662
1732 1733
553 560
1454 4026
722 725
583 660
2424 2961
661 662
1017 1376
1677 2611
952 2549
2558 2639
890 2625
1479 1563
2024 2784
1164 1797
937 2544
2201 2208
1477 1498
430 2223
175 196
217 1747
2882 2903
1333 1452
1682 1684
1169 4079
1485 1805
4100 4101
4092 4093
1494 1573
302 2415
1969 2361
2291 2292
1133 2264
488 1516
1126 2251
590 601
513 2086
785 2873
1108 2737
729 4215
680 2169
607 2374
497 1523
837 2661
877 2616
853 2626
594 2394
614 1817
747 2936
1594 1607
1101 1621
1829 2152
1506 1511
58 59
1436 1438
376 1286
1340 1614
1671 1674
4054 4060
755 2922
1081 2422
2013 2565
2927 2928
645 1357
2249 2250
1138 2256
1353 1354
1438 1674
4046 4047
1801 4106
611 2384
1487 1811
2845 2862
2187 2188
1347 2404
1715 1736
688 2175
19 27
2464 4167
1529 1530
1798 1900
211 2987
705 2133
738 1372
707 2123
1793 2244
1136 1143
782 1595
1805 2577
1341 1612
4139 4152
55 2971
1965 2366
505 2088
1925 4060
1318 2960
1604 1609
1305 2451
1410 2730
2225 2229
1348 2391
2118 2360
129 1863
1824 2148
1403 1673
2764 2773
1943 2405
585 590
605 2375
1668 1669
1429 1431
944 987
2690 2691
1406 1407
1226 4033
452 578
144 147
1316 1855
435 436
1441 4225
915 1662
151 1764
1143 2256
1575 1583
616 663
514 2088
1071 2428
880 2496
1816 4194
594 1362
1373 2148
155 1954
2243 2244
779 2860
265 2970
1413 1417
557 2071
858 2614
1517 1521
691 2137
476 2361
1471 1472
68 2955
546 551
2596 2598
1497 1498
60 2970
115 117
190 1877
68 69
4028 4029
1371 1394
2809 2939
2766 2787
1043 1044
87 88
1344 1345
1712 1713
1129 1793
1215 1330
695 2138
2062 2065
1213 1214
1249 2285
1799 2779
772 2852
1409 2725
1374 1375
1013 4229
2722 2723
1949 2083
813 2825
939 2514
1620 1647
1049 2102
418 2308
5 8
1632 1633
1928 1930
458 460
2454 2473
419 4179
2893 2920
1046 1052
727 2104
4243 4245
535 537
1836 2178
2213 4170
1552 1701
1725 1738
1175 1461
498 1523
685 1821
104 1862
1844 2371
1536 1588
1796 2286
139 3002
1305 1313
1414 1421
333 1300
327 2301
387 388
1833 2151
1942 1943
2154 2155
377 2308
775 2854
1082 4265
452 2073
1266 1929
894 2014
1361 2675
1649 4064
330 2196
2464 2466
1616 1618
1402 1435
1024 1843
19 4113
2874 2876
1206 2786
1357 1358
1389 4228
700 2179
166 4162
269 1938
859 862
1661 2521
2676 2681
968 2562
380 2334
2852 2853
690 4196
2138 4233
371 1477
1492 2013
720 2747
136 1308
2050 2082
580 2399
671 1897
2269 2271
1389 1392
61 2967
825 2817
1408 2728
2983 2984
652 1398
46 2993
2902 2904
2839 2940
2018 2602
234 1272
546 2092
2731 2732
2640 2662
570 573
1569 1573
424 2202
1191 4047
1378 2742
57 2964
582 2166
357 1313
818 821
839 2653
1192 4038
2979 2981
1543 2840
1016 1370
857 858
1524 1574
950 1501
1947 2027
2749 4261
1576 1583
286 2413
544 1948
2577 2579
910 1663
801 803
885 2497
1266 4145
1875 2981
2066 2087
2782 2795
966 2562
1598 1599
2166 2396
309 1261
793 796
2767 2769
1072 1073
1347 1349
1103 1455
684 2150
519 2087
441 442
1237 1406
1407 2722
508 2074
2450 2472
2555 2556
899 2509
1151 2289
874 1558
4062 4065
384 2328
10 18
2017 2597
2134 2194
1723 1726
607 1369
1680 2611
334 1751
1548 2819
1811 1919
2268 2271
702 2114
521 2051
1765 3000
2336 2339
1627 4028
168 1272
4074 4135
1355 1641
359 2315
292 4244
427 2214
172 4111
1302 1303
868 1555
1093 1094
757 1532
909 2511
952 2550
766 769
1130 1132
430 2220
1759 1763
1215 2773
246 248
172 1275
876 2491
4092 4107
1584 1596
442 453
2254 2255
1333 1451
1402 2702
4262 4263
830 1519
4100 4102
1606 1608
573 1950
2109 4202
483 1524
1649 4063
1235 1674
687 2171
1462 1463
1237 2721
785 2872
444 2228
286 287
2206 2207
429 2216
177 1879
175 4112
1788 2040
1142 2270
837 2660
931 2531
1356 1408
955 2553
1329 2324
1249 1796
2713 2714
1709 1712
2842 2878
1314 1932
893 921
463 2414
2259 2261
1162 1796
376 1287
1084 1417
1340 1615
185 187
2013 2564
165 4162
655 1398
103 4161
16 4163
1138 2257
64 2955
4259 4262
2951 2952
121 1303
72 1869
2134 4204
1725 1987
847 2629
1765 2750
916 2519
1722 1723
1060 1062
523 555
1448 2796
707 2122
1805 2576
1341 1611
184 185
169 171
73 4159
745 1528
1752 4245
2279 2280
2283 2285
533 2031
1232 2346
222 1748
1062 2442
906 2511
1824 2149
1074 2428
309 1776
1946 2033
1490 1493
585 589
1668 1670
198 200
2829 2830
1429 1430
2175 4197
347 1471
200 1296
1295 1750
616 664
1208 2792
1007 1664
954 1660
443 2349
168 169
1450 4021
349 1794
1868 2955
1386 1847
1951 4128
1849 2313
1344 1815
1469 1584
557 2070
685 2145
1413 1416
547 2048
1740 1741
119 1309
466 2417
1205 2782
272 278
492 1521
59 62
540 1947
546 548
456 2358
1123 2250
2807 2813
1797 4135
1899 2770
115 116
572 2099
2032 2033
4028 4030
982 1494
4098 4107
107 4160
1343 2043
1294 1301
1043 1047
1344 1346
1340 1619
2180 2183
1642 1643
290 298
1288 1289
1184 2950
335 1294
246 1279
2811 2939
4245 4251
1292 1472
1146 1152
1409 2724
815 2945
1421 1424
1812 2599
1159 1648
813 2824
1267 1984
1095 1587
2987 4154
986 2571
535 536
1574 1575
1027 1440
1725 1737
536 537
1175 1460
1535 2850
1196 1448
1212 1215
1536 1589
1814 2604
87 1271
503 514
530 1946
517 2036
758 2888
1323 2447
887 2500
784 785
423 1894
4104 4106
1542 2841
280 4247
2786 2788
1035 1037
1000 1486
2908 2911
2913 2915
1464 1585
463 2195
1616 1619
1130 2271
2054 2056
1482 1804
938 2546
570 1950
1571 1574
4053 4075
1867 1871
1120 2248
57 1758
2826 2827
280 2407
1389 4227
1553 2620
269 1937
282 2405
823 826
1346 1349
703 704
33 310
582 583
1957 4263
371 1476
1882 2454
1785 2124
245 1279
136 1309
804 2828
1135 2263
2269 2270
877 879
2 1985
1274 1285
879 2493
4174 4175
1779 2336
652 1399
855 856
2385 2386
773 2857
1088 1089
11 4113
443 1326
1254 1926
2018 2603
288 2413
306 1754
344 345
447 2230
331 2305
1021 4185
1949 2031
2830 2833
1462 1602
1480 1481
2600 2601
82 2972
302 304
1974 2412
140 1767
202 204
1378 2743
2706 2708
138 1831
2067 2087
135 1325
749 2927
663 2371
1947 2026
754 755
788 1449
1697 1735
495 1523
2749 4260
1342 2084
1351 1622
1827 3000
801 802
1755 4129
885 2496
1450 1617
1455 1620
1645 1646
835 1515
620 2675
796 2831
1313 2451
1217 2759
1692 1997
384 393
1691 1698
1103 1454
2767 2768
150 160
1347 1348
1184 1800
1237 1405
508 2075
150 2750
2095 2097
277 1940
867 876
217 2751
780 781
72 74
251 1280
2757 4158
384 2329
348 1793
1811 1918
567 2046
1035 2440
2645 2646
1194 1456
1346 1611
821 2943
128 1768
4038 4048
950 2549
422 462
1732 1735
4030 4032
470 474
4131 4225
1454 4024
722 723
1694 1695
680 4199
2274 2275
637 1368
848 2641
757 1531
909 2510
1629 1631
840 1513
220 1295
978 2611
2006 2503
886 892
1130 1133
1507 2516
1524 2654
349 2467
247 1284
1670 1672
1446 2024
793 2840
1584 1597
1073 1080
4100 4103
741 831
46 51
1649 4062
1405 2720
1469 1579
1023 1837
224 229
519 528
745 2937
1133 2262
1153 1154
1328 2320
1237 2720
223 1294
135 152
1108 2739
1512 2652
680 2171
557 2047
169 1879
747 2938
690 691
2259 2260
1055 2442
1109 1428
1227 2769
1410 1791
1084 1418
1132 2247
1676 1734
1549 2640
185 186
109 1862
2139 4234
63 2965
379 380
4046 4106
16 4164
1138 2254
64 2956
428 2213
2009 2625
2387 2390
1068 2429
254 2963
1151 1152
912 913
72 1870
19 29
1484 1485
1620 1621
2566 2570
4088 4089
914 1662
406 2314
1509 2647
812 2825
1012 1389
1060 1063
2486 2488
489 1524
1061 1062
379 1976
1805 2575
169 170
65 73
325 2299
4082 4094
363 364
240 241
888 2665
1303 2986
1062 2443
1410 2728
1406 1411
149 2750
1824 2150
543 1342
1076 2427
352 2453
406 410
807 2829
744 2931
934 940
649 1400
1208 2793
238 1860
2243 2246
397 1779
445 2350
531 2029
265 2968
1507 1508
1353 1998
1154 2281
119 1308
1517 1519
1122 2253
1797 4086
1427 1428
4053 4054
1797 4134
4147 4248
984 985
2746 4176
1564 1565
1443 2440
30 31
1043 1046
87 90
1729 1739
4037 4040
485 2655
315 1264
910 2517
611 2382
770 1936
578 2077
1146 1153
1088 2735
1043 1381
1523 1881
1147 2289
1467 1585
418 2306
4056 4076
119 120
1956 4147
284 1974
1259 1984
948 2525
2777 4052
93 1742
165 193
1475 1476
259 260
166 1870
85 1742
1377 4226
1225 4033
536 538
1366 2374
1419 2726
1950 2042
335 343
4024 4025
1795 2448
1211 2761
107 109
1416 1635
273 275
787 2877
60 61
2525 2526
1220 1221
2161 2164
1545 1546
1036 1783
2786 2789
2913 2914
2534 2535
681 2172
82 86
1652 2425
1964 4129
1797 4074
938 2547
336 2465
560 2049
899 2515
1720 1729
120 2976
1399 2713
1402 1403
13 4141
1802 2823
166 4160
970 1499
1966 2441
1882 2455
630 1360
804 2829
18 1886
1556 1687
1389 1390
61 2965
879 2492
1027 4191
1779 2339
855 859
1694 1696
875 2494
1213 4158
288 2414
434 2232
427 2236
447 2225
792 2862
471 2351
1699 1715
1538 1595
2553 2556
1491 2569
37 1834
570 571
4039 4047
800 2832
1269 1744
866 1553
998 1486
1856 4156
2863 2868
695 4195
1330 1331
965 1500
1326 2199
1370 1371
2266 2267
1653 2368
528 740
604 2379
1211 2773
749 2926
254 264
861 864
833 1459
1775 4141
330 331
516 2056
256 2958
966 2560
42 2958
292 771
461 2120
1184 1801
150 161
1397 2700
2857 2887
49 50
213 1295
116 2978
98 1269
1509 1511
265 1770
120 121
1407 2732
1781 2431
841 2635
603 612
1204 4051
1007 1806
2461 2462
72 75
256 1938
291 299
133 2968
1339 2029
356 1795
27 1253
1530 2927
2550 2553
384 2330
1362 2393
318 323
1614 2099
198 2753
355 1313
1701 1708
1658 2535
574 1348
595 599
1811 1921
1801 4082
1537 1588
1142 1143
437 2236
989 2559
684 1895
128 1769
446 449
2156 2157
1454 4025
733 1375
471 2370
774 1795
292 4246
1664 2015
4047 4050
848 2642
1075 2357
1629 1630
840 1514
2020 2489
875 1808
867 2476
2453 2454
937 2549
1273 1925
997 1805
88 89
1333 1336
727 1049
1334 1335
1332 2233
769 1534
1257 1927
1113 2239
1649 4061
996 2576
1220 2800
224 230
858 2641
1653 2118
721 4219
1870 1890
1689 1699
1328 2321
414 2210
1265 1474
1010 1011
1522 1523
2747 4223
1142 2268
697 4195
267 2956
1719 1720
469 1326
512 513
836 2663
27 4123
420 1894
1709 1710
638 2710
1521 2658
4045 4050
985 1492
332 2301
2206 4179
2259 2263
794 2854
30 32
1698 1734
135 1772
1138 2255
487 1517
64 2957
4046 4050
829 2806
76 132
364 1316
404 1779
629 1360
912 914
300 2408
907 2512
729 1386
479 2354
418 2303
4088 4090
1312 1319
2633 2634
569 1946
211 2988
812 2826
536 2101
1012 1390
431 2220
180 184
1805 2574
1255 1927
2911 2925
1185 1801
2279 2282
240 242
533 2029
1410 2729
440 1327
2024 2783
717 721
1490 1491
98 99
627 2691
2764 2768
1449 4049
1943 2406
2245 2248
241 1285
352 2454
807 2828
1000 1002
1078 2441
934 941
1194 4022
1575 1576
1653 2360
1367 1369
274 1260
277 279
1117 2251
1373 2145
1507 1511
685 2143
547 2050
1005 1006
1517 1518
691 2138
385 2331
1205 2780
1122 2250
2256 2267
1804 1924
824 832
1285 1289
570 2040
1797 4133
9 1928
144 1853
531 1339
1001 2588
1020 1832
1008 2016
1899 2772
2218 2234
1947 2085
1803 2901
1131 2246
906 908
1369 1370
162 1952
2240 2244
456 1969
703 2115
1457 1627
1567 1578
1515 1517
101 105
2187 4200
709 2182
1165 4078
4021 4023
346 2460
334 1293
316 1320
1289 1290
683 1655
946 947
1458 1459
1421 1422
2115 4203
813 2822
1377 2694
608 2373
2949 4085
2929 2935
1632 1636
262 2960
1846 2304
948 2526
1041 1044
584 585
32 1776
734 735
535 538
166 1871
2912 2913
472 2366
1843 4188
413 4170
1217 4033
1941 4115
908 910
2184 4204
288 467
115 2980
1129 1130
327 2302
809 2827
301 307
677 1788
314 4262
107 108
377 2313
784 787
238 1270
273 274
2188 4200
1220 1222
4104 4108
2157 2158
1117 2238
66 2967
1270 1860
2319 2320
89 1271
69 73
1157 1648
156 4176
1174 1462
1232 2787
1784 4207
1447 2775
2874 2875
724 2102
1084 1790
34 274
1001 2671
1244 1725
1959 4260
899 2514
1577 1579
1299 1473
1803 2929
18 4153
166 4161
1223 2770
806 2828
10 1887
1203 1448
327 332
2044 2071
1626 1628
1027 4190
1541 2873
1113 1115
46 2996
111 1774
1255 1257
131 1826
138 1310
2018 2601
434 2233
1699 1714
2507 2625
781 2869
2009 2507
388 389
90 1865
424 2205
21 1265
2409 2413
2182 2184
1007 2591
477 2361
750 2922
1744 1865
1321 1756
1308 1826
2915 2921
1827 3002
148 3001
966 2561
283 2406
1033 1386
2810 2815
23 2752
364 2315
1397 2699
1200 1273
4099 4109
1509 1510
1888 2445
1781 2430
34 310
1035 1382
1667 1669
256 1939
291 298
2757 2759
20 2752
845 2651
955 2023
27 1252
251 1282
1 1985
42 767
1468 2239
1473 1475
942 1662
2468 2469
1701 1707
4029 4030
1628 1629
1246 1428
473 1965
574 1349
1850 2186
1811 1920
595 598
2687 2688
2779 2781
1926 1927
1492 2566
1412 1432
283 1974
470 472
733 1374
2812 2813
789 2856
1439 1671
159 1321
71 77
2006 2501
1008 2593
2020 2490
685 4234
989 1659
401 2342
4074 4075
1752 1959
1324 2304
1477 1478
1245 2718
714 2118
88 90
310 1961
159 1756
717 1058
552 2043
1402 2701
214 2755
669 1372
108 1774
481 1572
1530 1577
511 2075
173 210
717 4221
778 2848
269 767
1214 1223
536 2026
2309 2314
1265 1473
680 2173
1142 2269
1038 2440
1266 1281
70 1872
159 161
512 514
955 2554
556 2063
2588 2589
1338 2089
2631 2649
1506 1507
571 1950
2259 2262
1808 2489
1227 2771
1539 1595
2502 2510
2130 4205
30 33
42 4235
750 752
181 187
157 162
655 1395
4046 4104
474 2418
487 1516
428 2215
1776 4151
76 133
1715 1740
2099 2100
2265 2268
919 2532
19 31
353 2453
1198 4049
4088 4091
1393 2155
89 167
891 2509
2246 2260
1788 2132
812 2827
916 2514
523 556
431 2223
1493 1496
948 2555
734 736
1255 1926
877 2492
33 1961
921 2530
1256 1935
795 797
1074 2427
717 720
2453 2473
241 1284
1395 1397
1395 2697
869 870
857 2642
1000 1003
1348 2673
726 4233
1474 1475
1291 1851
1194 4023
1207 2779
1367 1368
154 1772
1758 2971
1230 1232
277 278
1298 2980
815 1802
1945 2407
706 4204
726 4203
685 2142
1077 1080
1795 2277
965 2558
1798 2756
1482 1924
385 2330
1122 2251
1057 1060
844 2629
2835 2882
1533 1591
2322 2323
2421 4267
1100 1450
1845 4231
454 1968
1285 1288
570 2041
456 2361
1184 1185
262 263
1405 1789
4147 4250
52 1759
60 2966
80 1760
1803 2900
1563 1564
373 4121
1564 1567
906 909
162 1953
257 1939
2240 2245
456 1970
5 1985
4050 4104
6 26
1313 1314
1693 1715
437 438
643 1399
4021 4022
316 1321
2237 2240
60 4238
2005 2598
114 116
772 2848
561 563
4165 4166
1272 1285
813 2821
196 4154
633 1357
1632 1637
530 2089
657 1393
843 2634
1784 2120
986 2582
809 811
259 262
131 1767
1025 1387
2912 2914
1168 1170
1843 4191
673 2168
1498 1564
1268 1874
1419 1420
1080 1780
2191 2193
2906 2907
2354 2434
288 468
2242 2251
333 1296
809 2826
314 4263
1079 1083
43 1927
975 1814
50 2969
1875 4157
1277 1278
1398 2702
1182 1183
1035 1038
802 2831
118 2976
69 72
1662 2522
1536 2848
1322 2410
992 2585
143 3001
1127 1793
1784 4208
2108 4201
819 2820
802 2942
335 2465
1689 1690
1390 1825
1675 1691
902 2509
1492 1573
1447 2774
82 84
4124 4152
2123 2192
4128 4155
328 2304
1720 1731
549 2037
1067 1068
555 556
1275 1277
1803 2928
665 1840
473 4267
459 2364
165 1869
1546 2002
430 1335
1189 4106
970 2564
804 2831
635 1356
561 2081
1617 1620
1387 4225
842 2650
437 2214
615 2371
879 2494
661 2167
611 1844
1626 1629
1779 2341
601 602
2000 2134
111 1769
11 4114
317 326
434 2230
834 2812
180 194
331 2306
1197 1199
2020 2608
1212 2773
282 1322
927 1502
1462 1601
2220 2230
1505 1506
30 4140
1893 2207
1733 1738
864 2618
85 1760
1591 1596
762 1533
800 2834
703 1816
21 1264
1940 2959
475 4265
891 892
736 4227
1295 2988
1370 2159
2863 2870
2118 4136
878 2494
2625 2672
2760 2761
285 1324
263 2960
930 931
477 2360
622 623
7 1251
749 2924
1196 1197
416 4172
1528 1529
1463 1601
271 1935
32 4124
1455 1617
781 1538
1033 1385
2810 2812
461 2118
146 1319
933 2543
313 1262
1397 2698
702 2747
684 2146
613 2372
1962 4266
2933 2934
1226 2797
1348 1361
34 311
69 1870
2095 2098
1782 2438
277 1937
383 2334
1667 1668
1223 1224
1555 1694
2028 2050
1558 1559
2757 2758
2774 2796
845 2650
4113 4151
1473 1474
2836 2842
192 1877
1817 2385
2614 2668
705 4205
346 2466
873 2483
13 1258
102 2991
274 1834
610 1370
2934 2936
104 107
389 2343
1016 2373
2186 4217
1262 1958
1461 1603
1565 1569
989 2670
602 2381
1478 1498
2812 2814
2893 2907
1496 1497
714 718
955 956
1376 4183
102 1875
679 2169
871 2021
1726 1989
1708 1712
867 2478
1104 1804
131 152
2272 2273
1359 2712
714 2119
88 91
445 2228
1012 4180
1578 1580
1808 2625
175 176
124 1304
717 1057
662 674
554 2055
568 579
4025 4027
849 2646
938 1501
939 940
1587 1588
1441 1442
2416 2417
1113 2237
548 1948
2617 2622
227 4150
519 525
1783 2440
717 4220
778 2849
1353 2687
1115 1793
1446 1451
84 2975
589 602
1279 1975
197 2753
955 2557
1 2
1018 4184
1321 2299
2588 2590
372 373
337 2462
1464 1465
332 2303
1808 2490
918 934
100 1931
2201 4156
1084 1413
750 753
181 186
185 191
208 232
2482 2483
620 1361
1006 2594
1110 1472
209 210
2358 2361
1685 1686
23 1929
254 2966
2681 2682
962 2639
1707 1711
628 1358
353 2452
1528 1576
2508 2625
1779 2333
356 357
1393 2154
2011 2553
309 1961
868 2476
1765 2746
1637 1647
2043 2049
2526 2548
4093 4107
1752 4249
4082 4093
921 2529
240 244
1560 2612
1468 1597
261 2961
1213 2762
2429 2433
352 2472
4115 4244
883 884
4067 4133
1553 1554
2468 4167
406 409
857 2641
709 720
1165 1464
694 1836
1348 2674
2212 4172
1207 2778
2251 2255
2034 2036
2865 2867
4194 4233
582 2396
1293 2469
531 2030
471 1327
741 2805
553 2098
929 2539
360 2320
1405 1434
1798 2757
1082 1083
691 2140
385 2329
4076 4077
1437 1439
833 1179
476 2358
1533 1590
1781 2436
690 2140
504 2231
621 1352
2807 2809
17 4146
816 1546
4147 4253
2371 2381
80 1761
2842 2846
1002 2580
1563 1567
768 776
528 2093
373 4120
957 1500
140 4239
2053 2058
403 1779
1332 1336
981 1494
2781 4052
257 1938
154 1318
1337 2051
2875 2876
1483 1805
2187 4202
842 843
625 1353
760 1532
1197 1448
1522 1576
351 352
1812 2595
1147 2290
1467 1586
418 2305
80 188
608 2375
1236 1405
633 1356
137 139
520 2064
1122 1124
1784 2121
1056 1654
228 1747
1321 1322
138 4175
809 810
166 1869
348 4167
2912 2915
947 948
503 504
2615 2642
1168 1171
1451 1616
576 2230
1543 1704
1748 2754
1118 2242
1110 2470
21 4153
333 1295
1652 4257
695 4233
1079 1082
107 110
1519 2808
66 2965
1398 2703
1361 2678
737 1013
2487 2608
1784 4209
2014 2516
444 445
580 581
83 1876
1555 1556
414 428
897 918
450 2228
1388 1830
1399 2714
57 1762
1958 4122
1275 1276
1196 4041
2970 4238
62 2965
351 4169
676 677
1966 2444
2121 2192
2926 2927
1048 2103
944 2521
1500 2010
235 1272
371 1480
2950 2951
1086 2735
4180 4181
1482 1484
1379 1384
2296 2297
1158 1795
587 589
654 1398
1423 2737
4244 4246
1383 1441
661 2166
111 1768
398 399
326 1846
1282 4110
131 1828
66 71
1156 2282
834 2813
1724 1726
180 195
2755 2989
1397 1398
1509 2668
290 2411
1949 2027
912 2518
1203 1273
431 434
928 2537
1401 2696
516 2036
2311 2312
2009 2505
1854 1976
95 97
1893 2206
4039 4040
1324 2447
710 2194
1463 4080
1591 1599
2117 2193
2849 2861
220 1750
10 4153
2280 2281
751 2886
1859 1939
2863 2865
991 2588
2118 4137
2314 2334
878 2495
524 525
284 1322
285 1323
358 1315
395 1335
723 2115
2144 2175
1143 2278
138 1827
7 1250
2777 2781
913 915
1196 1198
1504 1524
631 1355
851 1551
640 1360
1481 1924
665 2159
810 2944
79 81
1305 2954
4105 4109
781 1537
1004 1486
1869 1870
563 2096
1033 1384
1397 2697
9 1252
686 1838
2857 2884
566 1788
1187 4039
874 2486
993 2580
684 2147
613 2371
1727 1729
249 1284
2835 2941
484 485
4068 4069
517 1337
562 2046
331 4179
1443 1679
1339 2030
178 4111
1381 1383
1200 1448
4062 4074
850 852
2770 2772
1811 1813
1628 1631
2047 2055
1902 2942
1109 1246
873 2482
303 1971
2628 2644
521 2054
2935 2936
4117 4147
2644 2647
692 2137
640 2740
1461 1602
1565 1568
67 1757
1559 1682
163 1314
577 2200
2812 2815
1546 1547
388 2345
133 134
105 2979
2893 2906
2329 2331
2467 2469
2305 2306
2118 2119
71 79
1464 4078
766 1534
2567 2583
225 1748
2272 2274
538 2031
643 2715
1359 2715
407 2314
281 2962
1501 1502
1578 1581
1012 4181
2831 2942
4092 4096
2960 4236
662 675
54 1268
1527 2803
1510 1511
2254 2256
168 1879
1847 1852
568 580
4025 4026
849 2645
543 2037
2153 2156
2617 2621
4042 4043
2660 2661
285 2410
601 1817
2778 2792
548 2028
4077 4103
2425 4129
991 992
409 2334
589 601
1675 1698
935 941
1447 1453
729 4217
1959 4249
804 1656
955 2556
2075 2076
1619 1621
2016 2511
337 2461
4045 4047
937 938
2259 2264
1808 2491
2465 4168
370 371
2290 2291
1449 1450
1334 2219
362 1315
2337 2338
1586 1600
308 1753
1808 2506
4037 4048
565 2071
227 1291
268 2998
1029 4189
1801 4108
487 1518
1087 2735
1952 4127
1528 1577
1557 1684
564 2039
1478 1479
2011 2552
708 2191
900 2513
1637 1646
2140 2176
1280 1975
1492 1494
732 2743
286 1323
1508 2668
189 1880
1307 1311
1305 2453
1560 2613
1134 2250
1365 2390
1213 2761
249 250
1114 2238
4115 4247
883 887
2107 2108
1726 1728
1348 2675
1078 2444
1269 1975
2006 2608
1091 1791
319 1848
338 339
718 4206
2889 2931
1031 1847
2865 2866
369 1299
773 1535
2981 2992
1444 2440
582 2397
452 2226
567 2091
531 2033
1117 2248
1766 1827
726 4201
2487 2607
1291 1563
929 2538
2216 4177
358 2316
360 2321
952 1501
1122 2249
1437 1438
1148 1149
476 2359
844 2631
1024 1837
1795 2932
1226 2771
1352 1642
833 1178
2421 4265
621 1351
2807 2808
673 674
1020 1835
2844 2877
141 4176
1803 2902
1002 2581
1563 1566
1408 1790
4098 4100
1090 1424
906 907
981 1493
4214 4215
1444 1679
606 1366
2037 2084
4050 4102
1985 2953
829 1517
1086 2736
1768 1774
696 697
1208 1209
2005 2596
1380 2103
578 2073
772 2850
1952 4155
1812 2604
1515 2660
1049 2104
56 2971
224 1293
137 138
2226 2227
546 2050
520 2065
610 613
1122 1125
1291 1292
843 2636
2529 2530
584 588
269 270
284 2410
2189 2190
37 1842
1475 1480
1871 4157
1125 2255
1463 4079
63 1762
1022 1369
576 2231
1160 1796
274 311
830 832
1524 2659
1535 2857
445 446
680 681
789 1801
1950 2046
786 1537
359 361
1516 2658
442 2363
1414 1415
2732 2733
1652 4258
1753 1957
1833 2153
2029 2032
676 2128
314 4261
1570 1572
1083 1755
711 1786
1932 2298
1398 2700
721 1058
1361 2677
35 1926
2704 2740
1536 2850
1174 1461
2677 2681
2169 4211
365 1328
2123 2194
1266 1268
2173 4199
353 1305
494 1523
339 1882
1495 1565
1572 1582
1206 2788
1067 1070
1196 4042
1803 2930
883 2497
752 2924
165 1867
460 2125
1147 1465
1371 2157
1048 2104
452 1785
944 2522
2134 2184
970 2562
704 726
2853 2879
1076 1078
297 4245
1269 1271
439 1326
63 66
1827 1831
1559 1560
587 588
422 423
661 2165
1626 1627
1779 2343
1560 1561
1084 2726
834 2810
1724 1727
343 4168
561 1343
22 4146
610 1016
882 885
95 96
679 2135
1296 1297
1591 1598
2849 2860
1281 1975
2280 2282
1400 1401
736 4229
710 1786
421 425
284 1323
2158 2174
13 15
2334 2338
1173 1175
395 1334
111 1308
723 2114
2306 2307
1136 2265
1222 2800
799 2881
913 914
2005 2511
880 2495
2621 2643
631 1354
455 2363
2915 2922
640 1361
665 2158
1071 2354
936 2544
4035 4036
802 2833
933 2541
872 873
49 1858
156 1954
1096 1469
875 878
1187 4038
1727 1728
441 444
835 1548
4068 4070
2835 2940
2956 2968
560 2081
1782 2436
4 1977
383 2328
1802 2900
1495 1569
465 471
331 4178
129 152
181 1743
777 2848
4118 4120
1381 1382
1252 4113
4062 4075
626 1353
850 853
1811 1812
1600 1601
671 2173
346 2464
856 857
2628 2645
521 2053
593 2394
2811 2889
1414 2734
1276 1745
2814 2816
1590 1591
31 4140
2862 2877
2993 2994
113 114
2270 2273
1612 1613
292 4242
569 2035
1315 2325
273 770
2329 2330
1036 1041
169 177
135 1864
227 1851
2467 2468
71 78
4 5
2040 2395
255 258
1088 1791
2567 2582
643 2714
613 616
1359 2714
407 2309
281 2961
1750 2751
2846 2861
744 1527
1349 1350
809 1545
2838 2940
1416 1422
1364 2380
1551 2648
244 245
1064 2432
2708 2740
1355 2691
768 2893
4077 4102
788 1192
575 1332
1892 2306
2209 2211
130 1769
729 4216
148 2750
127 2986
1548 2664
1799 4052
118 1303
2885 2918
806 810
1153 2281
1808 2507
1850 2106
1011 2594
3001 4175
699 2184
1029 4188
581 584
4 2953
1087 2734
313 1958
1480 1610
344 2468
640 2705
579 2399
144 1312
167 168
1779 2335
708 2184
1794 2463
900 2514
380 381
868 2478
812 2822
1980 4226
2430 2431
771 4243
1511 2652
26 4166
782 1538
577 2068
2020 2506
556 559
65 76
1752 4251
1725 1727
475 1965
1305 2452
1406 1412
895 897
2118 2355
393 2330
1213 2760
4101 4102
1114 2239
2512 2517
228 4150
1395 1398
1395 2698
575 576
155 157
744 2936
364 365
2521 2522
452 2227
531 2032
741 2803
736 2694
1456 1627
1061 2432
585 2399
894 2515
1405 1432
2855 2859
338 2462
2579 2580
1205 2776
1935 4241
1175 2864
900 902
60 1771
344 4167
1148 1150
1797 4081
690 2138
1692 1697
17 4144
5 4164
504 2088
1329 2346
1035 1443
677 4205
693 2179
2842 2844
1555 2476
702 4223
273 1936
940 2524
4098 4101
2053 2056
1374 4230
1424 1425
4218 4219
2168 4199
1825 4183
123 1304
1792 4025
354 2452
95 2975
154 4236
39 1935
2261 2263
1208 1210
772 2851
1264 1265
1043 1384
1515 2663
773 2879
56 2972
206 1278
2949 4081
1551 1701
1222 1225
1046 1047
816 2821
1599 1605
8 9
1125 2254
1351 2684
673 2173
1300 1301
2060 2061
604 1898
1290 1563
1486 2592
1500 2560
1152 1796
1155 2279
852 2628
1753 1956
1833 2152
676 2129
1211 2764
943 2524
698 709
1396 1436
1321 1764
2192 4207
1570 1573
1495 1496
1389 2741
2891 2892
1361 2676
4148 4243
1073 2445
1536 2851
1467 1468
1127 1794
2677 2680
547 2082
82 83
542 543
603 2379
1149 1155
2759 2763
155 4125
2576 2577
720 721
1572 1583
600 603
1206 2789
2004 2602
2760 4158
1802 2816
191 1877
752 2925
794 2842
503 2088
1371 2156
1496 1924
1048 2105
127 1300
1075 1076
1141 2290
2928 2929
564 567
297 4244
1269 1270
53 54
1379 1386
1387 4226
1423 2739
2183 2184
1503 1505
879 2491
589 2401
2570 2571
1779 2342
2385 2388
56 100
711 2123
1084 2727
2061 2069
513 514
520 2062
1426 1431
1681 2611
1752 4260
1258 4142
20 1929
1491 2572
899 902
572 1614
1641 1643
95 99
860 2618
99 100
891 896
2028 2037
2280 2283
1400 1402
391 1779
1076 2441
1974 2406
2863 2867
421 424
1170 1901
159 1764
1173 1174
408 2340
554 2094
2178 4195
1821 2146
1136 2266
2005 2510
2200 2226
1405 1406
644 1402
441 1973
1186 1457
4256 4257
1531 2912
2704 2705
2810 2811
1823 2375
1158 1159
1710 1712
874 2484
1407 2731
841 2638
508 509
1782 2437
1867 1889
465 470
562 2044
1501 1571
325 1846
294 1959
1684 1688
1356 1401
112 1308
1614 2100
1039 1040
1600 1602
980 2573
671 2172
740 2057
2111 2744
2628 2646
521 2052
1414 2735
378 405
72 1880
579 2402
2814 2817
1546 1702
779 1537
694 700
2270 2278
774 1796
1612 1614
1005 1806
569 2034
670 2153
1226 1229
848 2647
65 2955
515 1337
679 2170
2565 2567
2024 2792
405 2314
1510 2647
2272 2276
1158 2284
1205 1447
468 2414
377 407
407 2308
1578 1579
2238 2240
1354 1355
476 477
915 2513
462 1324
706 2134
124 1307
2391 2394
5 1250
2770 4033
365 2315
1073 1074
2414 2416
335 1751
1463 1585
1850 4226
861 2667
1335 2223
276 4242
827 832
1023 1835
2660 2663
936 2541
848 1509
1064 2433
764 1533
767 2958
1841 4235
778 2860
1008 2511
1892 2307
414 2215
2209 2210
450 1968
948 951
725 4218
2626 2645
600 612
556 2059
290 1944
1802 2889
1171 4082
566 2040
2885 2917
1047 2103
2053 2067
1128 1129
512 2064
862 2618
1350 1351
281 2405
506 512
339 2459
740 2093
500 1522
803 2833
543 2090
2411 2413
1526 2659
713 4207
121 1304
640 2706
296 4116
973 2610
919 2528
1730 1731
1794 2460
739 2125
1509 2641
268 2405
431 2219
771 4242
2196 2204
1772 4240
782 1539
169 172
437 2350
2730 2731
949 2011
296 297
1736 1737
1410 2722
1034 1442
1146 2290
558 560
852 853
2764 2765
1076 2369
2512 2518
1416 1790
4041 4043
758 2919
1230 2766
155 156
1315 1316
100 2973
744 2937
280 4115
2012 2564
2777 2794
1309 1310
221 2751
826 2819
961 964
2163 2164
2789 2792
2491 2493
1024 1025
2362 2370
2356 2364
943 946
690 2139
1501 2554
693 2178
320 1319
525 528
1972 4265
1777 4151
306 4254
1374 4231
981 1491
123 1307
2514 2520
517 529
208 215
829 1515
95 2974
147 148
2775 2776
2551 2556
1208 1211
1175 1801
2776 2777
1336 2231
104 166
2884 2887
56 2973
666 1370
48 1257
692 2178
1533 1534
969 2563
1582 1583
176 4154
610 611
2123 4207
32 33
2832 2833
2615 2622
2193 4221
1840 2173
8 10
1125 2253
2914 2916
1118 2241
1300 1302
2060 2062
830 2813
675 2748
1589 1593
1801 2880
301 302
314 4259
1369 2374
1396 1437
435 2220
415 2207
1034 1035
806 1544
439 465
1257 1858
753 2922
2991 4157
2170 2183
1505 2656
150 159
330 2204
1343 1344
432 2220
2817 2818
2630 2631
1406 2720
636 2704
1009 2594
2305 4178
1149 1154
4036 4042
450 2227
1476 1477
949 951
1299 1476
78 79
883 2499
1120 2238
2970 4237
686 2146
1053 4218
822 1802
2903 2904
797 2831
2112 2113
518 2067
460 2127
339 4169
1253 1926
1415 2736
127 1303
244 1861